algo,p,sp,M,K,N,sppattern,time,ntrials
rosko,4,60.032497,1000,1000,1000,random-uniform,0.019072,10
naive,1,59.959900,1000,1000,1000,random-uniform,1.154412,10
numpy_csr,4,60.0,1000,1000,1000,random-uniform,0.060645,10
numpy_arr,4,60.0,1000,1000,1000,random-uniform,0.005519,10
rosko,4,69.950195,1000,1000,1000,random-uniform,0.015894,10
naive,1,69.978699,1000,1000,1000,random-uniform,1.142104,10
numpy_csr,4,70.0,1000,1000,1000,random-uniform,0.045597,10
numpy_arr,4,70.0,1000,1000,1000,random-uniform,0.005323,10
rosko,4,80.033806,1000,1000,1000,random-uniform,0.011074,10
naive,1,79.957405,1000,1000,1000,random-uniform,1.162789,10
numpy_csr,4,80.0,1000,1000,1000,random-uniform,0.031083,10
numpy_arr,4,80.0,1000,1000,1000,random-uniform,0.005516,10
rosko,4,89.983200,1000,1000,1000,random-uniform,0.006006,10
naive,1,90.027397,1000,1000,1000,random-uniform,1.196607,10
numpy_csr,4,90.0,1000,1000,1000,random-uniform,0.016098,10
numpy_arr,4,90.0,1000,1000,1000,random-uniform,0.005506,10
rosko,4,95.010201,1000,1000,1000,random-uniform,0.004805,10
naive,1,95.008102,1000,1000,1000,random-uniform,1.148074,10
numpy_csr,4,95.0,1000,1000,1000,random-uniform,0.008283,10
numpy_arr,4,95.0,1000,1000,1000,random-uniform,0.005476,10
rosko,4,97.997704,1000,1000,1000,random-uniform,0.003820,10
naive,1,97.999397,1000,1000,1000,random-uniform,1.143043,10
numpy_csr,4,98.0,1000,1000,1000,random-uniform,0.00362,10
numpy_arr,4,98.0,1000,1000,1000,random-uniform,0.005605,10
rosko,4,99.006302,1000,1000,1000,random-uniform,0.003642,10
naive,1,99.015602,1000,1000,1000,random-uniform,1.142697,10
numpy_csr,4,99.0,1000,1000,1000,random-uniform,0.002152,10
numpy_arr,4,99.0,1000,1000,1000,random-uniform,0.005528,10
