algo,p,sp,M,K,N,sppattern,time,n,ntrials
rosko,4,96.973251,2000,2000,2000,diagonal,0.020013,10
numpy_dia,4,97.0,2000,2000,2000,diagonal,0.039436,10
rosko,4,97.960503,2000,2000,2000,diagonal,0.018590,10
numpy_dia,4,97.97,2000,2000,2000,diagonal,0.027487,10
rosko,4,98.952751,2000,2000,2000,diagonal,0.018380,10
numpy_dia,4,98.96,2000,2000,2000,diagonal,0.014834,10
rosko,4,99.450752,2000,2000,2000,diagonal,0.018723,10
numpy_dia,4,99.45,2000,2000,2000,diagonal,0.009338,10
rosko,4,99.650299,2000,2000,2000,diagonal,0.019587,10
numpy_dia,4,99.65,2000,2000,2000,diagonal,0.007189,10
rosko,4,99.850052,2000,2000,2000,diagonal,0.020646,10
numpy_dia,4,99.85,2000,2000,2000,diagonal,0.004822,10
