algo,p,sp,M,K,N,sppattern,time,n,ntrials
rosko,4,60.000004,2000,2000,2000,row-pattern,0.113027,10
numpy_dense,4,60.0,2000,2000,2000,row-pattern,0.015985,10
rosko,4,70.000000,2000,2000,2000,row-pattern,0.098400,10
numpy_dense,4,70.0,2000,2000,2000,row-pattern,0.012743,10
rosko,4,80.000000,2000,2000,2000,row-pattern,0.079641,10
numpy_dense,4,80.0,2000,2000,2000,row-pattern,0.009031,10
rosko,4,90.000000,2000,2000,2000,row-pattern,0.050592,10
numpy_dense,4,90.0,2000,2000,2000,row-pattern,0.004673,10
rosko,4,95.000000,2000,2000,2000,row-pattern,0.037391,10
numpy_dense,4,95.0,2000,2000,2000,row-pattern,0.002493,10
rosko,4,98.000000,2000,2000,2000,row-pattern,0.026560,10
numpy_dense,4,98.0,2000,2000,2000,row-pattern,0.001332,10
rosko,4,99.000000,2000,2000,2000,row-pattern,0.022654,10
numpy_dense,4,99.0,2000,2000,2000,row-pattern,0.001152,10
rosko,4,99.500000,2000,2000,2000,row-pattern,0.022524,10
numpy_dense,4,99.5,2000,2000,2000,row-pattern,0.000988,10
rosko,4,99.699997,2000,2000,2000,row-pattern,0.022352,10
numpy_dense,4,99.7,2000,2000,2000,row-pattern,0.00093,10
rosko,4,99.900002,2000,2000,2000,row-pattern,0.021473,10
numpy_dense,4,99.9,2000,2000,2000,row-pattern,0.000623,10
