algo,p,sp,M,K,N,sppattern,time,n,ntrials
rosko,4,63.960003,2000,2000,2000,diagonal,0.094005,10
numpy_dia,4,60.01,2000,2000,2000,diagonal,0.710588,10
rosko,4,72.207497,2000,2000,2000,diagonal,0.074797,10
numpy_dia,4,70.0,2000,2000,2000,diagonal,0.403347,10
rosko,4,80.955002,2000,2000,2000,diagonal,0.054688,10
numpy_dia,4,79.99,2000,2000,2000,diagonal,0.255609,10
rosko,4,90.202499,2000,2000,2000,diagonal,0.031458,10
numpy_dia,4,90.01,2000,2000,2000,diagonal,0.124386,10
rosko,4,95.013748,2000,2000,2000,diagonal,0.022956,10
numpy_dia,4,94.98,2000,2000,2000,diagonal,0.06321,10
rosko,4,97.960503,2000,2000,2000,diagonal,0.018460,10
numpy_dia,4,97.97,2000,2000,2000,diagonal,0.027355,10
rosko,4,98.952751,2000,2000,2000,diagonal,0.018374,10
numpy_dia,4,98.96,2000,2000,2000,diagonal,0.014745,10
rosko,4,99.450752,2000,2000,2000,diagonal,0.018767,10
numpy_dia,4,99.45,2000,2000,2000,diagonal,0.009772,10
rosko,4,99.650299,2000,2000,2000,diagonal,0.020935,10
numpy_dia,4,99.65,2000,2000,2000,diagonal,0.00709,10
rosko,4,99.850052,2000,2000,2000,diagonal,0.020644,10
numpy_dia,4,99.85,2000,2000,2000,diagonal,0.004899,10
