algo,p,sp,M,K,N,sppattern,rosko-time,outer-time,ntrials,measure
rosko,4,60.000000,4096,4096,4096,random-uniform,1.261064,1.324196,15,mm
rosko,4,60.000000,4096,4096,4096,diagonal,0.738646,0.773040,15,mm
rosko,4,60.000000,4096,4096,4096,row-pattern,0.915752,0.956792,15,mm
rosko,4,60.000000,4096,4096,4096,column-pattern,0.844958,0.901701,15,mm
rosko,5,60.000000,4096,4096,4096,random-uniform,1.439419,1.528480,15,mm
rosko,5,60.000000,4096,4096,4096,diagonal,0.826571,0.867244,15,mm
rosko,5,60.000000,4096,4096,4096,row-pattern,1.059832,1.115586,15,mm
rosko,5,60.000000,4096,4096,4096,column-pattern,0.938862,0.996786,15,mm
rosko,6,60.000000,4096,4096,4096,random-uniform,1.190720,1.267170,15,mm
rosko,6,60.000000,4096,4096,4096,diagonal,0.737859,0.775646,15,mm
rosko,6,60.000000,4096,4096,4096,row-pattern,0.935308,0.984117,15,mm
rosko,6,60.000000,4096,4096,4096,column-pattern,0.823733,0.873782,15,mm
rosko,7,60.000000,4096,4096,4096,random-uniform,1.183800,1.253304,15,mm
rosko,7,60.000000,4096,4096,4096,diagonal,0.729307,0.764514,15,mm
rosko,7,60.000000,4096,4096,4096,row-pattern,0.934460,0.978838,15,mm
rosko,7,60.000000,4096,4096,4096,column-pattern,0.803496,0.850483,15,mm
rosko,8,60.000000,4096,4096,4096,random-uniform,1.152244,1.219994,15,mm
rosko,8,60.000000,4096,4096,4096,diagonal,0.716909,0.751265,15,mm
rosko,8,60.000000,4096,4096,4096,row-pattern,0.924822,0.973101,15,mm
rosko,8,60.000000,4096,4096,4096,column-pattern,0.807944,0.856076,15,mm
rosko,9,60.000000,4096,4096,4096,random-uniform,1.159774,1.237112,15,mm
rosko,9,60.000000,4096,4096,4096,diagonal,0.728342,0.765776,15,mm
rosko,9,60.000000,4096,4096,4096,row-pattern,0.944749,0.994513,15,mm
rosko,9,60.000000,4096,4096,4096,column-pattern,0.826908,0.878043,15,mm
rosko,10,60.000000,4096,4096,4096,random-uniform,1.122797,1.194546,15,mm
rosko,10,60.000000,4096,4096,4096,diagonal,0.713162,0.748981,15,mm
rosko,10,60.000000,4096,4096,4096,row-pattern,0.931106,0.978432,15,mm
rosko,10,60.000000,4096,4096,4096,column-pattern,0.808134,0.856192,15,mm
rosko,12,60.000000,4096,4096,4096,random-uniform,1.078794,1.144120,15,mm
rosko,12,60.000000,4096,4096,4096,diagonal,0.709757,0.745741,15,mm
rosko,12,60.000000,4096,4096,4096,row-pattern,0.933400,0.980147,15,mm
rosko,12,60.000000,4096,4096,4096,column-pattern,0.822397,0.869641,15,mm
rosko,14,60.000000,4096,4096,4096,random-uniform,1.055186,1.124584,15,mm
rosko,14,60.000000,4096,4096,4096,diagonal,0.714530,0.750721,15,mm
rosko,14,60.000000,4096,4096,4096,row-pattern,0.924849,0.970899,15,mm
rosko,14,60.000000,4096,4096,4096,column-pattern,0.828728,0.876447,15,mm
rosko,16,60.000000,4096,4096,4096,random-uniform,1.027825,1.093814,15,mm
rosko,16,60.000000,4096,4096,4096,diagonal,0.700477,0.735484,15,mm
rosko,16,60.000000,4096,4096,4096,row-pattern,0.929857,0.977313,15,mm
rosko,16,60.000000,4096,4096,4096,column-pattern,0.835467,0.883559,15,mm
rosko,18,60.000000,4096,4096,4096,random-uniform,1.008079,1.077146,15,mm
rosko,18,60.000000,4096,4096,4096,diagonal,0.708536,0.744698,15,mm
rosko,18,60.000000,4096,4096,4096,row-pattern,0.942340,0.989831,15,mm
rosko,18,60.000000,4096,4096,4096,column-pattern,0.844074,0.892327,15,mm
rosko,20,60.000000,4096,4096,4096,random-uniform,0.998034,1.065617,15,mm
rosko,20,60.000000,4096,4096,4096,diagonal,0.705426,0.741605,15,mm
rosko,20,60.000000,4096,4096,4096,row-pattern,0.940288,0.988241,15,mm
rosko,20,60.000000,4096,4096,4096,column-pattern,0.842613,0.891462,15,mm
rosko,25,60.000000,4096,4096,4096,random-uniform,0.960101,1.029995,15,mm
rosko,25,60.000000,4096,4096,4096,diagonal,0.704868,0.742031,15,mm
rosko,25,60.000000,4096,4096,4096,row-pattern,0.937664,0.984297,15,mm
rosko,25,60.000000,4096,4096,4096,column-pattern,0.850006,0.899248,15,mm
rosko,30,60.000000,4096,4096,4096,random-uniform,0.962445,1.031775,15,mm
rosko,30,60.000000,4096,4096,4096,diagonal,0.710198,0.748615,15,mm
rosko,30,60.000000,4096,4096,4096,row-pattern,0.945923,0.994134,15,mm
rosko,30,60.000000,4096,4096,4096,column-pattern,0.878303,0.927419,15,mm
rosko,35,60.000000,4096,4096,4096,random-uniform,0.956856,1.026823,15,mm
rosko,35,60.000000,4096,4096,4096,diagonal,0.705335,0.744399,15,mm
rosko,35,60.000000,4096,4096,4096,row-pattern,0.957222,1.006135,15,mm
rosko,35,60.000000,4096,4096,4096,column-pattern,0.891665,0.942699,15,mm
rosko,40,60.000000,4096,4096,4096,random-uniform,0.958479,1.030615,15,mm
rosko,40,60.000000,4096,4096,4096,diagonal,0.703035,0.743249,15,mm
rosko,40,60.000000,4096,4096,4096,row-pattern,0.956022,1.006152,15,mm
rosko,40,60.000000,4096,4096,4096,column-pattern,0.911987,0.963009,15,mm
rosko,50,60.000000,4096,4096,4096,random-uniform,0.984234,1.057696,15,mm
rosko,50,60.000000,4096,4096,4096,diagonal,0.709749,0.751086,15,mm
rosko,50,60.000000,4096,4096,4096,row-pattern,0.987765,1.039781,15,mm
rosko,50,60.000000,4096,4096,4096,column-pattern,0.971342,1.024548,15,mm
rosko,75,60.000000,4096,4096,4096,random-uniform,1.011269,1.090117,15,mm
rosko,75,60.000000,4096,4096,4096,diagonal,0.720840,0.767552,15,mm
rosko,75,60.000000,4096,4096,4096,row-pattern,1.010866,1.068902,15,mm
rosko,75,60.000000,4096,4096,4096,column-pattern,1.033915,1.092205,15,mm
rosko,100,60.000000,4096,4096,4096,random-uniform,1.112071,1.197760,15,mm
rosko,100,60.000000,4096,4096,4096,diagonal,0.736563,0.789780,15,mm
rosko,100,60.000000,4096,4096,4096,row-pattern,1.125732,1.189621,15,mm
rosko,100,60.000000,4096,4096,4096,column-pattern,1.195668,1.259725,15,mm
rosko,125,60.000000,4096,4096,4096,random-uniform,1.264682,1.366249,15,mm
rosko,125,60.000000,4096,4096,4096,diagonal,0.741554,0.813853,15,mm
rosko,125,60.000000,4096,4096,4096,row-pattern,1.252746,1.333337,15,mm
rosko,125,60.000000,4096,4096,4096,column-pattern,1.601264,1.681783,15,mm
rosko,150,60.000000,4096,4096,4096,random-uniform,1.296855,1.400682,15,mm
rosko,150,60.000000,4096,4096,4096,diagonal,0.757512,0.830062,15,mm
rosko,150,60.000000,4096,4096,4096,row-pattern,1.310005,1.391866,15,mm
rosko,150,60.000000,4096,4096,4096,column-pattern,1.658025,1.740712,15,mm
rosko,175,60.000000,4096,4096,4096,random-uniform,1.334389,1.435909,15,mm
rosko,175,60.000000,4096,4096,4096,diagonal,0.758753,0.828257,15,mm
rosko,175,60.000000,4096,4096,4096,row-pattern,1.334270,1.413355,15,mm
rosko,175,60.000000,4096,4096,4096,column-pattern,1.732102,1.813942,15,mm
rosko,200,60.000000,4096,4096,4096,random-uniform,1.329739,1.437814,15,mm
rosko,200,60.000000,4096,4096,4096,diagonal,0.776561,0.852527,15,mm
rosko,200,60.000000,4096,4096,4096,row-pattern,1.355755,1.440426,15,mm
rosko,200,60.000000,4096,4096,4096,column-pattern,1.711321,1.798332,15,mm
rosko,4,70.000000,4096,4096,4096,random-uniform,1.027452,1.082596,15,mm
rosko,4,70.000000,4096,4096,4096,diagonal,0.567964,0.598745,15,mm
rosko,4,70.000000,4096,4096,4096,row-pattern,0.744917,0.783880,15,mm
rosko,4,70.000000,4096,4096,4096,column-pattern,0.600612,0.642136,15,mm
rosko,5,70.000000,4096,4096,4096,random-uniform,1.202819,1.279162,15,mm
rosko,5,70.000000,4096,4096,4096,diagonal,0.647950,0.685009,15,mm
rosko,5,70.000000,4096,4096,4096,row-pattern,0.875230,0.926304,15,mm
rosko,5,70.000000,4096,4096,4096,column-pattern,0.727535,0.781252,15,mm
rosko,6,70.000000,4096,4096,4096,random-uniform,1.002921,1.069571,15,mm
rosko,6,70.000000,4096,4096,4096,diagonal,0.579679,0.614430,15,mm
rosko,6,70.000000,4096,4096,4096,row-pattern,0.768604,0.813991,15,mm
rosko,6,70.000000,4096,4096,4096,column-pattern,0.621627,0.668445,15,mm
rosko,7,70.000000,4096,4096,4096,random-uniform,0.986918,1.047973,15,mm
rosko,7,70.000000,4096,4096,4096,diagonal,0.573559,0.606788,15,mm
rosko,7,70.000000,4096,4096,4096,row-pattern,0.788159,0.830228,15,mm
rosko,7,70.000000,4096,4096,4096,column-pattern,0.627333,0.671625,15,mm
rosko,8,70.000000,4096,4096,4096,random-uniform,0.980622,1.038845,15,mm
rosko,8,70.000000,4096,4096,4096,diagonal,0.563770,0.595130,15,mm
rosko,8,70.000000,4096,4096,4096,row-pattern,0.764341,0.806064,15,mm
rosko,8,70.000000,4096,4096,4096,column-pattern,0.621765,0.664464,15,mm
rosko,9,70.000000,4096,4096,4096,random-uniform,0.982751,1.049173,15,mm
rosko,9,70.000000,4096,4096,4096,diagonal,0.575529,0.610258,15,mm
rosko,9,70.000000,4096,4096,4096,row-pattern,0.789041,0.834419,15,mm
rosko,9,70.000000,4096,4096,4096,column-pattern,0.654064,0.701078,15,mm
rosko,10,70.000000,4096,4096,4096,random-uniform,0.953048,1.015536,15,mm
rosko,10,70.000000,4096,4096,4096,diagonal,0.564279,0.597161,15,mm
rosko,10,70.000000,4096,4096,4096,row-pattern,0.774970,0.818499,15,mm
rosko,10,70.000000,4096,4096,4096,column-pattern,0.638475,0.684356,15,mm
rosko,12,70.000000,4096,4096,4096,random-uniform,0.919248,0.975858,15,mm
rosko,12,70.000000,4096,4096,4096,diagonal,0.561169,0.593658,15,mm
rosko,12,70.000000,4096,4096,4096,row-pattern,0.774737,0.818179,15,mm
rosko,12,70.000000,4096,4096,4096,column-pattern,0.644234,0.688667,15,mm
rosko,14,70.000000,4096,4096,4096,random-uniform,0.907101,0.967533,15,mm
rosko,14,70.000000,4096,4096,4096,diagonal,0.561894,0.595364,15,mm
rosko,14,70.000000,4096,4096,4096,row-pattern,0.785117,0.828584,15,mm
rosko,14,70.000000,4096,4096,4096,column-pattern,0.650398,0.695054,15,mm
rosko,16,70.000000,4096,4096,4096,random-uniform,0.869794,0.926938,15,mm
rosko,16,70.000000,4096,4096,4096,diagonal,0.552816,0.586279,15,mm
rosko,16,70.000000,4096,4096,4096,row-pattern,0.777352,0.819921,15,mm
rosko,16,70.000000,4096,4096,4096,column-pattern,0.647341,0.692154,15,mm
rosko,18,70.000000,4096,4096,4096,random-uniform,0.853677,0.913822,15,mm
rosko,18,70.000000,4096,4096,4096,diagonal,0.565392,0.599033,15,mm
rosko,18,70.000000,4096,4096,4096,row-pattern,0.794192,0.837462,15,mm
rosko,18,70.000000,4096,4096,4096,column-pattern,0.663160,0.708560,15,mm
rosko,20,70.000000,4096,4096,4096,random-uniform,0.839036,0.896131,15,mm
rosko,20,70.000000,4096,4096,4096,diagonal,0.558380,0.592433,15,mm
rosko,20,70.000000,4096,4096,4096,row-pattern,0.785594,0.829575,15,mm
rosko,20,70.000000,4096,4096,4096,column-pattern,0.656942,0.702027,15,mm
rosko,25,70.000000,4096,4096,4096,random-uniform,0.814025,0.874725,15,mm
rosko,25,70.000000,4096,4096,4096,diagonal,0.560149,0.595346,15,mm
rosko,25,70.000000,4096,4096,4096,row-pattern,0.784389,0.828295,15,mm
rosko,25,70.000000,4096,4096,4096,column-pattern,0.659475,0.704553,15,mm
rosko,30,70.000000,4096,4096,4096,random-uniform,0.814880,0.875382,15,mm
rosko,30,70.000000,4096,4096,4096,diagonal,0.560892,0.595899,15,mm
rosko,30,70.000000,4096,4096,4096,row-pattern,0.804916,0.849520,15,mm
rosko,30,70.000000,4096,4096,4096,column-pattern,0.694657,0.740222,15,mm
rosko,35,70.000000,4096,4096,4096,random-uniform,0.817241,0.877936,15,mm
rosko,35,70.000000,4096,4096,4096,diagonal,0.560875,0.595975,15,mm
rosko,35,70.000000,4096,4096,4096,row-pattern,0.806270,0.851485,15,mm
rosko,35,70.000000,4096,4096,4096,column-pattern,0.707340,0.753325,15,mm
rosko,40,70.000000,4096,4096,4096,random-uniform,0.806100,0.868498,15,mm
rosko,40,70.000000,4096,4096,4096,diagonal,0.559418,0.596058,15,mm
rosko,40,70.000000,4096,4096,4096,row-pattern,0.809084,0.855834,15,mm
rosko,40,70.000000,4096,4096,4096,column-pattern,0.726353,0.773385,15,mm
rosko,50,70.000000,4096,4096,4096,random-uniform,0.845257,0.910755,15,mm
rosko,50,70.000000,4096,4096,4096,diagonal,0.602335,0.641765,15,mm
rosko,50,70.000000,4096,4096,4096,row-pattern,0.840168,0.887131,15,mm
rosko,50,70.000000,4096,4096,4096,column-pattern,0.781165,0.830411,15,mm
rosko,75,70.000000,4096,4096,4096,random-uniform,0.877796,0.947171,15,mm
rosko,75,70.000000,4096,4096,4096,diagonal,0.577551,0.620975,15,mm
rosko,75,70.000000,4096,4096,4096,row-pattern,0.883738,0.936716,15,mm
rosko,75,70.000000,4096,4096,4096,column-pattern,0.833760,0.887480,15,mm
rosko,100,70.000000,4096,4096,4096,random-uniform,0.990523,1.064158,15,mm
rosko,100,70.000000,4096,4096,4096,diagonal,0.583940,0.631878,15,mm
rosko,100,70.000000,4096,4096,4096,row-pattern,0.987639,1.045598,15,mm
rosko,100,70.000000,4096,4096,4096,column-pattern,1.025792,1.084862,15,mm
rosko,125,70.000000,4096,4096,4096,random-uniform,1.149555,1.238153,15,mm
rosko,125,70.000000,4096,4096,4096,diagonal,0.592491,0.658701,15,mm
rosko,125,70.000000,4096,4096,4096,row-pattern,1.049730,1.121931,15,mm
rosko,125,70.000000,4096,4096,4096,column-pattern,1.292713,1.367334,15,mm
rosko,150,70.000000,4096,4096,4096,random-uniform,1.174309,1.266649,15,mm
rosko,150,70.000000,4096,4096,4096,diagonal,0.595110,0.661870,15,mm
rosko,150,70.000000,4096,4096,4096,row-pattern,1.095807,1.170672,15,mm
rosko,150,70.000000,4096,4096,4096,column-pattern,1.391552,1.468693,15,mm
rosko,175,70.000000,4096,4096,4096,random-uniform,1.208983,1.299023,15,mm
rosko,175,70.000000,4096,4096,4096,diagonal,0.600221,0.662552,15,mm
rosko,175,70.000000,4096,4096,4096,row-pattern,1.167263,1.239489,15,mm
rosko,175,70.000000,4096,4096,4096,column-pattern,1.512300,1.585792,15,mm
rosko,200,70.000000,4096,4096,4096,random-uniform,1.221981,1.317117,15,mm
rosko,200,70.000000,4096,4096,4096,diagonal,0.620229,0.688134,15,mm
rosko,200,70.000000,4096,4096,4096,row-pattern,1.191818,1.269253,15,mm
rosko,200,70.000000,4096,4096,4096,column-pattern,1.457555,1.536968,15,mm
rosko,4,80.000000,4096,4096,4096,random-uniform,0.683668,0.728465,15,mm
rosko,4,80.000000,4096,4096,4096,diagonal,0.400979,0.428816,15,mm
rosko,4,80.000000,4096,4096,4096,row-pattern,0.601291,0.634854,15,mm
rosko,4,80.000000,4096,4096,4096,column-pattern,0.420632,0.456310,15,mm
rosko,5,80.000000,4096,4096,4096,random-uniform,0.815963,0.877835,15,mm
rosko,5,80.000000,4096,4096,4096,diagonal,0.466977,0.500363,15,mm
rosko,5,80.000000,4096,4096,4096,row-pattern,0.675679,0.720135,15,mm
rosko,5,80.000000,4096,4096,4096,column-pattern,0.512324,0.559585,15,mm
rosko,6,80.000000,4096,4096,4096,random-uniform,0.683744,0.737437,15,mm
rosko,6,80.000000,4096,4096,4096,diagonal,0.412972,0.444106,15,mm
rosko,6,80.000000,4096,4096,4096,row-pattern,0.604239,0.643593,15,mm
rosko,6,80.000000,4096,4096,4096,column-pattern,0.438793,0.480493,15,mm
rosko,7,80.000000,4096,4096,4096,random-uniform,0.677895,0.726833,15,mm
rosko,7,80.000000,4096,4096,4096,diagonal,0.412708,0.442145,15,mm
rosko,7,80.000000,4096,4096,4096,row-pattern,0.603659,0.641466,15,mm
rosko,7,80.000000,4096,4096,4096,column-pattern,0.442887,0.480794,15,mm
rosko,8,80.000000,4096,4096,4096,random-uniform,0.648227,0.695264,15,mm
rosko,8,80.000000,4096,4096,4096,diagonal,0.406073,0.435435,15,mm
rosko,8,80.000000,4096,4096,4096,row-pattern,0.600040,0.636555,15,mm
rosko,8,80.000000,4096,4096,4096,column-pattern,0.443667,0.481733,15,mm
rosko,9,80.000000,4096,4096,4096,random-uniform,0.653935,0.707990,15,mm
rosko,9,80.000000,4096,4096,4096,diagonal,0.415812,0.445855,15,mm
rosko,9,80.000000,4096,4096,4096,row-pattern,0.610225,0.649862,15,mm
rosko,9,80.000000,4096,4096,4096,column-pattern,0.459624,0.500959,15,mm
rosko,10,80.000000,4096,4096,4096,random-uniform,0.631670,0.681899,15,mm
rosko,10,80.000000,4096,4096,4096,diagonal,0.406228,0.436811,15,mm
rosko,10,80.000000,4096,4096,4096,row-pattern,0.603713,0.641821,15,mm
rosko,10,80.000000,4096,4096,4096,column-pattern,0.445047,0.484695,15,mm
rosko,12,80.000000,4096,4096,4096,random-uniform,0.608619,0.655562,15,mm
rosko,12,80.000000,4096,4096,4096,diagonal,0.410343,0.441562,15,mm
rosko,12,80.000000,4096,4096,4096,row-pattern,0.592338,0.630572,15,mm
rosko,12,80.000000,4096,4096,4096,column-pattern,0.450804,0.491056,15,mm
rosko,14,80.000000,4096,4096,4096,random-uniform,0.607498,0.657632,15,mm
rosko,14,80.000000,4096,4096,4096,diagonal,0.401948,0.431158,15,mm
rosko,14,80.000000,4096,4096,4096,row-pattern,0.610488,0.647910,15,mm
rosko,14,80.000000,4096,4096,4096,column-pattern,0.456245,0.495955,15,mm
rosko,16,80.000000,4096,4096,4096,random-uniform,0.601922,0.649013,15,mm
rosko,16,80.000000,4096,4096,4096,diagonal,0.402673,0.432622,15,mm
rosko,16,80.000000,4096,4096,4096,row-pattern,0.601056,0.638471,15,mm
rosko,16,80.000000,4096,4096,4096,column-pattern,0.457139,0.496049,15,mm
rosko,18,80.000000,4096,4096,4096,random-uniform,0.602664,0.652357,15,mm
rosko,18,80.000000,4096,4096,4096,diagonal,0.398127,0.427275,15,mm
rosko,18,80.000000,4096,4096,4096,row-pattern,0.609458,0.646613,15,mm
rosko,18,80.000000,4096,4096,4096,column-pattern,0.468599,0.507694,15,mm
rosko,20,80.000000,4096,4096,4096,random-uniform,0.595762,0.642443,15,mm
rosko,20,80.000000,4096,4096,4096,diagonal,0.398346,0.428297,15,mm
rosko,20,80.000000,4096,4096,4096,row-pattern,0.608076,0.645297,15,mm
rosko,20,80.000000,4096,4096,4096,column-pattern,0.459556,0.498558,15,mm
rosko,25,80.000000,4096,4096,4096,random-uniform,0.596275,0.646036,15,mm
rosko,25,80.000000,4096,4096,4096,diagonal,0.436931,0.469296,15,mm
rosko,25,80.000000,4096,4096,4096,row-pattern,0.615858,0.654107,15,mm
rosko,25,80.000000,4096,4096,4096,column-pattern,0.466722,0.506460,15,mm
rosko,30,80.000000,4096,4096,4096,random-uniform,0.617493,0.668331,15,mm
rosko,30,80.000000,4096,4096,4096,diagonal,0.400350,0.430852,15,mm
rosko,30,80.000000,4096,4096,4096,row-pattern,0.633118,0.670862,15,mm
rosko,30,80.000000,4096,4096,4096,column-pattern,0.493621,0.533766,15,mm
rosko,35,80.000000,4096,4096,4096,random-uniform,0.631071,0.681120,15,mm
rosko,35,80.000000,4096,4096,4096,diagonal,0.400250,0.432636,15,mm
rosko,35,80.000000,4096,4096,4096,row-pattern,0.647731,0.686511,15,mm
rosko,35,80.000000,4096,4096,4096,column-pattern,0.499607,0.540422,15,mm
rosko,40,80.000000,4096,4096,4096,random-uniform,0.639199,0.690508,15,mm
rosko,40,80.000000,4096,4096,4096,diagonal,0.402985,0.435109,15,mm
rosko,40,80.000000,4096,4096,4096,row-pattern,0.640818,0.680388,15,mm
rosko,40,80.000000,4096,4096,4096,column-pattern,0.515470,0.557114,15,mm
rosko,50,80.000000,4096,4096,4096,random-uniform,0.671769,0.725238,15,mm
rosko,50,80.000000,4096,4096,4096,diagonal,0.408511,0.441965,15,mm
rosko,50,80.000000,4096,4096,4096,row-pattern,0.676265,0.717937,15,mm
rosko,50,80.000000,4096,4096,4096,column-pattern,0.558130,0.601727,15,mm
rosko,75,80.000000,4096,4096,4096,random-uniform,0.736634,0.794096,15,mm
rosko,75,80.000000,4096,4096,4096,diagonal,0.414125,0.451791,15,mm
rosko,75,80.000000,4096,4096,4096,row-pattern,0.732518,0.778455,15,mm
rosko,75,80.000000,4096,4096,4096,column-pattern,0.623633,0.671078,15,mm
rosko,100,80.000000,4096,4096,4096,random-uniform,0.840956,0.902092,15,mm
rosko,100,80.000000,4096,4096,4096,diagonal,0.414385,0.455567,15,mm
rosko,100,80.000000,4096,4096,4096,row-pattern,0.838915,0.889094,15,mm
rosko,100,80.000000,4096,4096,4096,column-pattern,0.748627,0.800403,15,mm
rosko,125,80.000000,4096,4096,4096,random-uniform,1.042023,1.114822,15,mm
rosko,125,80.000000,4096,4096,4096,diagonal,0.428995,0.484705,15,mm
rosko,125,80.000000,4096,4096,4096,row-pattern,0.832135,0.893262,15,mm
rosko,125,80.000000,4096,4096,4096,column-pattern,0.660213,0.723532,15,mm
rosko,150,80.000000,4096,4096,4096,random-uniform,1.073509,1.148743,15,mm
rosko,150,80.000000,4096,4096,4096,diagonal,0.429410,0.485779,15,mm
rosko,150,80.000000,4096,4096,4096,row-pattern,0.866608,0.930123,15,mm
rosko,150,80.000000,4096,4096,4096,column-pattern,0.736672,0.802345,15,mm
rosko,175,80.000000,4096,4096,4096,random-uniform,1.109490,1.183142,15,mm
rosko,175,80.000000,4096,4096,4096,diagonal,0.432403,0.485865,15,mm
rosko,175,80.000000,4096,4096,4096,row-pattern,0.874411,0.934733,15,mm
rosko,175,80.000000,4096,4096,4096,column-pattern,0.905368,0.968289,15,mm
rosko,200,80.000000,4096,4096,4096,random-uniform,1.115621,1.193790,15,mm
rosko,200,80.000000,4096,4096,4096,diagonal,0.444017,0.502194,15,mm
rosko,200,80.000000,4096,4096,4096,row-pattern,0.914510,0.980093,15,mm
rosko,200,80.000000,4096,4096,4096,column-pattern,0.999019,1.066712,15,mm
rosko,4,85.000000,4096,4096,4096,random-uniform,0.500901,0.542223,15,mm
rosko,4,85.000000,4096,4096,4096,diagonal,0.319696,0.347638,15,mm
rosko,4,85.000000,4096,4096,4096,row-pattern,0.485448,0.517338,15,mm
rosko,4,85.000000,4096,4096,4096,column-pattern,0.334644,0.368723,15,mm
rosko,5,85.000000,4096,4096,4096,random-uniform,0.596125,0.650596,15,mm
rosko,5,85.000000,4096,4096,4096,diagonal,0.371183,0.401974,15,mm
rosko,5,85.000000,4096,4096,4096,row-pattern,0.566262,0.607942,15,mm
rosko,5,85.000000,4096,4096,4096,column-pattern,0.403117,0.446966,15,mm
rosko,6,85.000000,4096,4096,4096,random-uniform,0.503076,0.550400,15,mm
rosko,6,85.000000,4096,4096,4096,diagonal,0.327573,0.356655,15,mm
rosko,6,85.000000,4096,4096,4096,row-pattern,0.505531,0.541721,15,mm
rosko,6,85.000000,4096,4096,4096,column-pattern,0.356879,0.395078,15,mm
rosko,7,85.000000,4096,4096,4096,random-uniform,0.496809,0.540817,15,mm
rosko,7,85.000000,4096,4096,4096,diagonal,0.324961,0.353038,15,mm
rosko,7,85.000000,4096,4096,4096,row-pattern,0.499397,0.533248,15,mm
rosko,7,85.000000,4096,4096,4096,column-pattern,0.353438,0.389539,15,mm
rosko,8,85.000000,4096,4096,4096,random-uniform,0.482797,0.525987,15,mm
rosko,8,85.000000,4096,4096,4096,diagonal,0.316866,0.345227,15,mm
rosko,8,85.000000,4096,4096,4096,row-pattern,0.508633,0.542875,15,mm
rosko,8,85.000000,4096,4096,4096,column-pattern,0.350599,0.386836,15,mm
rosko,9,85.000000,4096,4096,4096,random-uniform,0.497446,0.545382,15,mm
rosko,9,85.000000,4096,4096,4096,diagonal,0.328883,0.357734,15,mm
rosko,9,85.000000,4096,4096,4096,row-pattern,0.512343,0.548934,15,mm
rosko,9,85.000000,4096,4096,4096,column-pattern,0.361274,0.399923,15,mm
rosko,10,85.000000,4096,4096,4096,random-uniform,0.485551,0.531234,15,mm
rosko,10,85.000000,4096,4096,4096,diagonal,0.318656,0.346754,15,mm
rosko,10,85.000000,4096,4096,4096,row-pattern,0.510579,0.545856,15,mm
rosko,10,85.000000,4096,4096,4096,column-pattern,0.354092,0.390783,15,mm
rosko,12,85.000000,4096,4096,4096,random-uniform,0.472574,0.513467,15,mm
rosko,12,85.000000,4096,4096,4096,diagonal,0.315212,0.342025,15,mm
rosko,12,85.000000,4096,4096,4096,row-pattern,0.508611,0.542626,15,mm
rosko,12,85.000000,4096,4096,4096,column-pattern,0.347506,0.383296,15,mm
rosko,14,85.000000,4096,4096,4096,random-uniform,0.493417,0.536682,15,mm
rosko,14,85.000000,4096,4096,4096,diagonal,0.319062,0.347039,15,mm
rosko,14,85.000000,4096,4096,4096,row-pattern,0.510790,0.545138,15,mm
rosko,14,85.000000,4096,4096,4096,column-pattern,0.352643,0.388810,15,mm
rosko,16,85.000000,4096,4096,4096,random-uniform,0.495203,0.537604,15,mm
rosko,16,85.000000,4096,4096,4096,diagonal,0.317593,0.346077,15,mm
rosko,16,85.000000,4096,4096,4096,row-pattern,0.504938,0.539169,15,mm
rosko,16,85.000000,4096,4096,4096,column-pattern,0.355492,0.391515,15,mm
rosko,18,85.000000,4096,4096,4096,random-uniform,0.503380,0.547308,15,mm
rosko,18,85.000000,4096,4096,4096,diagonal,0.316011,0.343545,15,mm
rosko,18,85.000000,4096,4096,4096,row-pattern,0.520336,0.555021,15,mm
rosko,18,85.000000,4096,4096,4096,column-pattern,0.356549,0.392628,15,mm
rosko,20,85.000000,4096,4096,4096,random-uniform,0.499980,0.542590,15,mm
rosko,20,85.000000,4096,4096,4096,diagonal,0.316030,0.344256,15,mm
rosko,20,85.000000,4096,4096,4096,row-pattern,0.522964,0.557208,15,mm
rosko,20,85.000000,4096,4096,4096,column-pattern,0.358977,0.394560,15,mm
rosko,25,85.000000,4096,4096,4096,random-uniform,0.508291,0.553200,15,mm
rosko,25,85.000000,4096,4096,4096,diagonal,0.318623,0.346950,15,mm
rosko,25,85.000000,4096,4096,4096,row-pattern,0.522337,0.557526,15,mm
rosko,25,85.000000,4096,4096,4096,column-pattern,0.366682,0.403967,15,mm
rosko,30,85.000000,4096,4096,4096,random-uniform,0.536811,0.581942,15,mm
rosko,30,85.000000,4096,4096,4096,diagonal,0.314676,0.343241,15,mm
rosko,30,85.000000,4096,4096,4096,row-pattern,0.540833,0.576246,15,mm
rosko,30,85.000000,4096,4096,4096,column-pattern,0.374884,0.412764,15,mm
rosko,35,85.000000,4096,4096,4096,random-uniform,0.549680,0.594533,15,mm
rosko,35,85.000000,4096,4096,4096,diagonal,0.317982,0.347516,15,mm
rosko,35,85.000000,4096,4096,4096,row-pattern,0.544245,0.580131,15,mm
rosko,35,85.000000,4096,4096,4096,column-pattern,0.381322,0.419551,15,mm
rosko,40,85.000000,4096,4096,4096,random-uniform,0.555534,0.601471,15,mm
rosko,40,85.000000,4096,4096,4096,diagonal,0.315472,0.345664,15,mm
rosko,40,85.000000,4096,4096,4096,row-pattern,0.566232,0.602997,15,mm
rosko,40,85.000000,4096,4096,4096,column-pattern,0.393004,0.431635,15,mm
rosko,50,85.000000,4096,4096,4096,random-uniform,0.603522,0.650273,15,mm
rosko,50,85.000000,4096,4096,4096,diagonal,0.319924,0.351319,15,mm
rosko,50,85.000000,4096,4096,4096,row-pattern,0.588114,0.625636,15,mm
rosko,50,85.000000,4096,4096,4096,column-pattern,0.408102,0.448655,15,mm
rosko,75,85.000000,4096,4096,4096,random-uniform,0.666811,0.718848,15,mm
rosko,75,85.000000,4096,4096,4096,diagonal,0.325928,0.361182,15,mm
rosko,75,85.000000,4096,4096,4096,row-pattern,0.657080,0.699408,15,mm
rosko,75,85.000000,4096,4096,4096,column-pattern,0.456912,0.500637,15,mm
rosko,100,85.000000,4096,4096,4096,random-uniform,0.788632,0.844498,15,mm
rosko,100,85.000000,4096,4096,4096,diagonal,0.325781,0.363877,15,mm
rosko,100,85.000000,4096,4096,4096,row-pattern,0.710657,0.757172,15,mm
rosko,100,85.000000,4096,4096,4096,column-pattern,0.412333,0.459958,15,mm
rosko,125,85.000000,4096,4096,4096,random-uniform,1.000805,1.067074,15,mm
rosko,125,85.000000,4096,4096,4096,diagonal,0.340691,0.392503,15,mm
rosko,125,85.000000,4096,4096,4096,row-pattern,0.708513,0.765105,15,mm
rosko,125,85.000000,4096,4096,4096,column-pattern,0.402162,0.461183,15,mm
rosko,150,85.000000,4096,4096,4096,random-uniform,1.033343,1.101630,15,mm
rosko,150,85.000000,4096,4096,4096,diagonal,0.340474,0.393229,15,mm
rosko,150,85.000000,4096,4096,4096,row-pattern,0.707636,0.766880,15,mm
rosko,150,85.000000,4096,4096,4096,column-pattern,0.402121,0.463873,15,mm
rosko,175,85.000000,4096,4096,4096,random-uniform,1.077536,1.144254,15,mm
rosko,175,85.000000,4096,4096,4096,diagonal,0.338648,0.389084,15,mm
rosko,175,85.000000,4096,4096,4096,row-pattern,0.745634,0.801834,15,mm
rosko,175,85.000000,4096,4096,4096,column-pattern,0.400528,0.459355,15,mm
rosko,200,85.000000,4096,4096,4096,random-uniform,1.064645,1.134930,15,mm
rosko,200,85.000000,4096,4096,4096,diagonal,0.349725,0.405906,15,mm
rosko,200,85.000000,4096,4096,4096,row-pattern,0.739355,0.799449,15,mm
rosko,200,85.000000,4096,4096,4096,column-pattern,0.407293,0.470484,15,mm
rosko,4,90.000000,4096,4096,4096,random-uniform,0.338882,0.374724,15,mm
rosko,4,90.000000,4096,4096,4096,diagonal,0.240945,0.267055,15,mm
rosko,4,90.000000,4096,4096,4096,row-pattern,0.414211,0.449863,15,mm
rosko,4,90.000000,4096,4096,4096,column-pattern,0.245726,0.277457,15,mm
rosko,5,90.000000,4096,4096,4096,random-uniform,0.406217,0.453548,15,mm
rosko,5,90.000000,4096,4096,4096,diagonal,0.273800,0.302829,15,mm
rosko,5,90.000000,4096,4096,4096,row-pattern,0.433633,0.469741,15,mm
rosko,5,90.000000,4096,4096,4096,column-pattern,0.298332,0.338546,15,mm
rosko,6,90.000000,4096,4096,4096,random-uniform,0.356855,0.398217,15,mm
rosko,6,90.000000,4096,4096,4096,diagonal,0.243936,0.270554,15,mm
rosko,6,90.000000,4096,4096,4096,row-pattern,0.404290,0.436636,15,mm
rosko,6,90.000000,4096,4096,4096,column-pattern,0.263142,0.298911,15,mm
rosko,7,90.000000,4096,4096,4096,random-uniform,0.359513,0.397875,15,mm
rosko,7,90.000000,4096,4096,4096,diagonal,0.239792,0.265900,15,mm
rosko,7,90.000000,4096,4096,4096,row-pattern,0.410294,0.441006,15,mm
rosko,7,90.000000,4096,4096,4096,column-pattern,0.258991,0.291638,15,mm
rosko,8,90.000000,4096,4096,4096,random-uniform,0.353577,0.390914,15,mm
rosko,8,90.000000,4096,4096,4096,diagonal,0.238653,0.264134,15,mm
rosko,8,90.000000,4096,4096,4096,row-pattern,0.397636,0.427600,15,mm
rosko,8,90.000000,4096,4096,4096,column-pattern,0.252442,0.285121,15,mm
rosko,9,90.000000,4096,4096,4096,random-uniform,0.369546,0.410605,15,mm
rosko,9,90.000000,4096,4096,4096,diagonal,0.244776,0.271149,15,mm
rosko,9,90.000000,4096,4096,4096,row-pattern,0.394043,0.425924,15,mm
rosko,9,90.000000,4096,4096,4096,column-pattern,0.261137,0.296423,15,mm
rosko,10,90.000000,4096,4096,4096,random-uniform,0.378718,0.417757,15,mm
rosko,10,90.000000,4096,4096,4096,diagonal,0.236287,0.261971,15,mm
rosko,10,90.000000,4096,4096,4096,row-pattern,0.404137,0.434413,15,mm
rosko,10,90.000000,4096,4096,4096,column-pattern,0.256125,0.289767,15,mm
rosko,12,90.000000,4096,4096,4096,random-uniform,0.365838,0.401584,15,mm
rosko,12,90.000000,4096,4096,4096,diagonal,0.235356,0.261104,15,mm
rosko,12,90.000000,4096,4096,4096,row-pattern,0.386196,0.416098,15,mm
rosko,12,90.000000,4096,4096,4096,column-pattern,0.254190,0.286475,15,mm
rosko,14,90.000000,4096,4096,4096,random-uniform,0.390808,0.429019,15,mm
rosko,14,90.000000,4096,4096,4096,diagonal,0.234009,0.259935,15,mm
rosko,14,90.000000,4096,4096,4096,row-pattern,0.398748,0.428702,15,mm
rosko,14,90.000000,4096,4096,4096,column-pattern,0.258761,0.292580,15,mm
rosko,16,90.000000,4096,4096,4096,random-uniform,0.388536,0.425655,15,mm
rosko,16,90.000000,4096,4096,4096,diagonal,0.237922,0.263597,15,mm
rosko,16,90.000000,4096,4096,4096,row-pattern,0.405461,0.435536,15,mm
rosko,16,90.000000,4096,4096,4096,column-pattern,0.252957,0.284243,15,mm
rosko,18,90.000000,4096,4096,4096,random-uniform,0.405248,0.442883,15,mm
rosko,18,90.000000,4096,4096,4096,diagonal,0.235839,0.261936,15,mm
rosko,18,90.000000,4096,4096,4096,row-pattern,0.415985,0.445847,15,mm
rosko,18,90.000000,4096,4096,4096,column-pattern,0.257322,0.290251,15,mm
rosko,20,90.000000,4096,4096,4096,random-uniform,0.399253,0.436328,15,mm
rosko,20,90.000000,4096,4096,4096,diagonal,0.233431,0.259367,15,mm
rosko,20,90.000000,4096,4096,4096,row-pattern,0.403618,0.433422,15,mm
rosko,20,90.000000,4096,4096,4096,column-pattern,0.257798,0.290315,15,mm
rosko,25,90.000000,4096,4096,4096,random-uniform,0.409296,0.447889,15,mm
rosko,25,90.000000,4096,4096,4096,diagonal,0.235161,0.261358,15,mm
rosko,25,90.000000,4096,4096,4096,row-pattern,0.412674,0.442757,15,mm
rosko,25,90.000000,4096,4096,4096,column-pattern,0.258384,0.291973,15,mm
rosko,30,90.000000,4096,4096,4096,random-uniform,0.446903,0.485766,15,mm
rosko,30,90.000000,4096,4096,4096,diagonal,0.241471,0.267822,15,mm
rosko,30,90.000000,4096,4096,4096,row-pattern,0.444583,0.475799,15,mm
rosko,30,90.000000,4096,4096,4096,column-pattern,0.260027,0.293637,15,mm
rosko,35,90.000000,4096,4096,4096,random-uniform,0.455947,0.495388,15,mm
rosko,35,90.000000,4096,4096,4096,diagonal,0.236252,0.262742,15,mm
rosko,35,90.000000,4096,4096,4096,row-pattern,0.449329,0.480961,15,mm
rosko,35,90.000000,4096,4096,4096,column-pattern,0.254925,0.289260,15,mm
rosko,40,90.000000,4096,4096,4096,random-uniform,0.475280,0.515257,15,mm
rosko,40,90.000000,4096,4096,4096,diagonal,0.235581,0.262918,15,mm
rosko,40,90.000000,4096,4096,4096,row-pattern,0.464610,0.497059,15,mm
rosko,40,90.000000,4096,4096,4096,column-pattern,0.250917,0.286435,15,mm
rosko,50,90.000000,4096,4096,4096,random-uniform,0.521661,0.563342,15,mm
rosko,50,90.000000,4096,4096,4096,diagonal,0.238883,0.266959,15,mm
rosko,50,90.000000,4096,4096,4096,row-pattern,0.500042,0.533156,15,mm
rosko,50,90.000000,4096,4096,4096,column-pattern,0.261581,0.297956,15,mm
rosko,75,90.000000,4096,4096,4096,random-uniform,0.592029,0.637461,15,mm
rosko,75,90.000000,4096,4096,4096,diagonal,0.243130,0.274940,15,mm
rosko,75,90.000000,4096,4096,4096,row-pattern,0.536651,0.573295,15,mm
rosko,75,90.000000,4096,4096,4096,column-pattern,0.262236,0.301129,15,mm
rosko,100,90.000000,4096,4096,4096,random-uniform,0.703734,0.751865,15,mm
rosko,100,90.000000,4096,4096,4096,diagonal,0.245533,0.280731,15,mm
rosko,100,90.000000,4096,4096,4096,row-pattern,0.565089,0.604763,15,mm
rosko,100,90.000000,4096,4096,4096,column-pattern,0.271747,0.314669,15,mm
rosko,125,90.000000,4096,4096,4096,random-uniform,0.935312,0.991658,15,mm
rosko,125,90.000000,4096,4096,4096,diagonal,0.263425,0.309614,15,mm
rosko,125,90.000000,4096,4096,4096,row-pattern,0.530425,0.579571,15,mm
rosko,125,90.000000,4096,4096,4096,column-pattern,0.300997,0.353434,15,mm
rosko,150,90.000000,4096,4096,4096,random-uniform,0.969809,1.028527,15,mm
rosko,150,90.000000,4096,4096,4096,diagonal,0.261191,0.307113,15,mm
rosko,150,90.000000,4096,4096,4096,row-pattern,0.568666,0.619178,15,mm
rosko,150,90.000000,4096,4096,4096,column-pattern,0.297191,0.351331,15,mm
rosko,175,90.000000,4096,4096,4096,random-uniform,1.017920,1.075389,15,mm
rosko,175,90.000000,4096,4096,4096,diagonal,0.259222,0.303535,15,mm
rosko,175,90.000000,4096,4096,4096,row-pattern,0.572637,0.621638,15,mm
rosko,175,90.000000,4096,4096,4096,column-pattern,0.294075,0.346515,15,mm
rosko,200,90.000000,4096,4096,4096,random-uniform,1.012383,1.073291,15,mm
rosko,200,90.000000,4096,4096,4096,diagonal,0.268008,0.315764,15,mm
rosko,200,90.000000,4096,4096,4096,row-pattern,0.600231,0.653067,15,mm
rosko,200,90.000000,4096,4096,4096,column-pattern,0.301509,0.357640,15,mm
rosko,4,95.000000,4096,4096,4096,random-uniform,0.207352,0.237931,15,mm
rosko,4,95.000000,4096,4096,4096,diagonal,0.142277,0.165202,15,mm
rosko,4,95.000000,4096,4096,4096,row-pattern,0.250215,0.274511,15,mm
rosko,4,95.000000,4096,4096,4096,column-pattern,0.150189,0.179553,15,mm
rosko,5,95.000000,4096,4096,4096,random-uniform,0.270650,0.309870,15,mm
rosko,5,95.000000,4096,4096,4096,diagonal,0.172018,0.198401,15,mm
rosko,5,95.000000,4096,4096,4096,row-pattern,0.282530,0.312185,15,mm
rosko,5,95.000000,4096,4096,4096,column-pattern,0.185929,0.222168,15,mm
rosko,6,95.000000,4096,4096,4096,random-uniform,0.236536,0.271331,15,mm
rosko,6,95.000000,4096,4096,4096,diagonal,0.149293,0.174165,15,mm
rosko,6,95.000000,4096,4096,4096,row-pattern,0.260870,0.287905,15,mm
rosko,6,95.000000,4096,4096,4096,column-pattern,0.162372,0.193606,15,mm
rosko,7,95.000000,4096,4096,4096,random-uniform,0.236278,0.267479,15,mm
rosko,7,95.000000,4096,4096,4096,diagonal,0.151650,0.175786,15,mm
rosko,7,95.000000,4096,4096,4096,row-pattern,0.256584,0.282486,15,mm
rosko,7,95.000000,4096,4096,4096,column-pattern,0.155547,0.185064,15,mm
rosko,8,95.000000,4096,4096,4096,random-uniform,0.242201,0.273492,15,mm
rosko,8,95.000000,4096,4096,4096,diagonal,0.144195,0.167304,15,mm
rosko,8,95.000000,4096,4096,4096,row-pattern,0.258892,0.285155,15,mm
rosko,8,95.000000,4096,4096,4096,column-pattern,0.152396,0.180963,15,mm
rosko,9,95.000000,4096,4096,4096,random-uniform,0.255641,0.290110,15,mm
rosko,9,95.000000,4096,4096,4096,diagonal,0.148710,0.172521,15,mm
rosko,9,95.000000,4096,4096,4096,row-pattern,0.257731,0.284340,15,mm
rosko,9,95.000000,4096,4096,4096,column-pattern,0.157450,0.189003,15,mm
rosko,10,95.000000,4096,4096,4096,random-uniform,0.255794,0.288568,15,mm
rosko,10,95.000000,4096,4096,4096,diagonal,0.149046,0.172798,15,mm
rosko,10,95.000000,4096,4096,4096,row-pattern,0.257866,0.283451,15,mm
rosko,10,95.000000,4096,4096,4096,column-pattern,0.158463,0.188220,15,mm
rosko,12,95.000000,4096,4096,4096,random-uniform,0.256334,0.286580,15,mm
rosko,12,95.000000,4096,4096,4096,diagonal,0.143771,0.166063,15,mm
rosko,12,95.000000,4096,4096,4096,row-pattern,0.259778,0.284051,15,mm
rosko,12,95.000000,4096,4096,4096,column-pattern,0.149603,0.177170,15,mm
rosko,14,95.000000,4096,4096,4096,random-uniform,0.267526,0.299899,15,mm
rosko,14,95.000000,4096,4096,4096,diagonal,0.149775,0.172588,15,mm
rosko,14,95.000000,4096,4096,4096,row-pattern,0.268333,0.293347,15,mm
rosko,14,95.000000,4096,4096,4096,column-pattern,0.155904,0.185788,15,mm
rosko,16,95.000000,4096,4096,4096,random-uniform,0.272884,0.303730,15,mm
rosko,16,95.000000,4096,4096,4096,diagonal,0.140982,0.164022,15,mm
rosko,16,95.000000,4096,4096,4096,row-pattern,0.267223,0.291807,15,mm
rosko,16,95.000000,4096,4096,4096,column-pattern,0.149467,0.177460,15,mm
rosko,18,95.000000,4096,4096,4096,random-uniform,0.275527,0.306856,15,mm
rosko,18,95.000000,4096,4096,4096,diagonal,0.151115,0.173214,15,mm
rosko,18,95.000000,4096,4096,4096,row-pattern,0.266481,0.290495,15,mm
rosko,18,95.000000,4096,4096,4096,column-pattern,0.154601,0.183268,15,mm
rosko,20,95.000000,4096,4096,4096,random-uniform,0.285735,0.317137,15,mm
rosko,20,95.000000,4096,4096,4096,diagonal,0.140266,0.162705,15,mm
rosko,20,95.000000,4096,4096,4096,row-pattern,0.286778,0.312579,15,mm
rosko,20,95.000000,4096,4096,4096,column-pattern,0.149692,0.178233,15,mm
rosko,25,95.000000,4096,4096,4096,random-uniform,0.296540,0.328628,15,mm
rosko,25,95.000000,4096,4096,4096,diagonal,0.147598,0.170420,15,mm
rosko,25,95.000000,4096,4096,4096,row-pattern,0.286616,0.311193,15,mm
rosko,25,95.000000,4096,4096,4096,column-pattern,0.158467,0.188056,15,mm
rosko,30,95.000000,4096,4096,4096,random-uniform,0.315481,0.347449,15,mm
rosko,30,95.000000,4096,4096,4096,diagonal,0.146766,0.169897,15,mm
rosko,30,95.000000,4096,4096,4096,row-pattern,0.302648,0.328301,15,mm
rosko,30,95.000000,4096,4096,4096,column-pattern,0.155732,0.185416,15,mm
rosko,35,95.000000,4096,4096,4096,random-uniform,0.325130,0.357927,15,mm
rosko,35,95.000000,4096,4096,4096,diagonal,0.142469,0.165769,15,mm
rosko,35,95.000000,4096,4096,4096,row-pattern,0.303752,0.329658,15,mm
rosko,35,95.000000,4096,4096,4096,column-pattern,0.151022,0.181126,15,mm
rosko,40,95.000000,4096,4096,4096,random-uniform,0.332602,0.365508,15,mm
rosko,40,95.000000,4096,4096,4096,diagonal,0.143789,0.167936,15,mm
rosko,40,95.000000,4096,4096,4096,row-pattern,0.315143,0.341334,15,mm
rosko,40,95.000000,4096,4096,4096,column-pattern,0.149326,0.179743,15,mm
rosko,50,95.000000,4096,4096,4096,random-uniform,0.371727,0.405983,15,mm
rosko,50,95.000000,4096,4096,4096,diagonal,0.146341,0.170465,15,mm
rosko,50,95.000000,4096,4096,4096,row-pattern,0.325167,0.352444,15,mm
rosko,50,95.000000,4096,4096,4096,column-pattern,0.157284,0.189498,15,mm
rosko,75,95.000000,4096,4096,4096,random-uniform,0.429378,0.466087,15,mm
rosko,75,95.000000,4096,4096,4096,diagonal,0.149303,0.175203,15,mm
rosko,75,95.000000,4096,4096,4096,row-pattern,0.353853,0.383631,15,mm
rosko,75,95.000000,4096,4096,4096,column-pattern,0.161170,0.195203,15,mm
rosko,100,95.000000,4096,4096,4096,random-uniform,0.520390,0.558901,15,mm
rosko,100,95.000000,4096,4096,4096,diagonal,0.156495,0.185639,15,mm
rosko,100,95.000000,4096,4096,4096,row-pattern,0.348107,0.378819,15,mm
rosko,100,95.000000,4096,4096,4096,column-pattern,0.168228,0.204423,15,mm
rosko,125,95.000000,4096,4096,4096,random-uniform,0.646386,0.690633,15,mm
rosko,125,95.000000,4096,4096,4096,diagonal,0.171935,0.208294,15,mm
rosko,125,95.000000,4096,4096,4096,row-pattern,0.351651,0.389533,15,mm
rosko,125,95.000000,4096,4096,4096,column-pattern,0.194444,0.236421,15,mm
rosko,150,95.000000,4096,4096,4096,random-uniform,0.693046,0.740419,15,mm
rosko,150,95.000000,4096,4096,4096,diagonal,0.170780,0.208176,15,mm
rosko,150,95.000000,4096,4096,4096,row-pattern,0.347411,0.386242,15,mm
rosko,150,95.000000,4096,4096,4096,column-pattern,0.189902,0.233196,15,mm
rosko,175,95.000000,4096,4096,4096,random-uniform,0.735111,0.781161,15,mm
rosko,175,95.000000,4096,4096,4096,diagonal,0.166161,0.201748,15,mm
rosko,175,95.000000,4096,4096,4096,row-pattern,0.357928,0.395986,15,mm
rosko,175,95.000000,4096,4096,4096,column-pattern,0.187717,0.230843,15,mm
rosko,200,95.000000,4096,4096,4096,random-uniform,0.712824,0.761351,15,mm
rosko,200,95.000000,4096,4096,4096,diagonal,0.173019,0.211529,15,mm
rosko,200,95.000000,4096,4096,4096,row-pattern,0.366751,0.407872,15,mm
rosko,200,95.000000,4096,4096,4096,column-pattern,0.191057,0.236991,15,mm
rosko,4,97.000000,4096,4096,4096,random-uniform,0.160549,0.189336,15,mm
rosko,4,97.000000,4096,4096,4096,diagonal,0.106926,0.128128,15,mm
rosko,4,97.000000,4096,4096,4096,row-pattern,0.212882,0.236218,15,mm
rosko,4,97.000000,4096,4096,4096,column-pattern,0.110005,0.138147,15,mm
rosko,5,97.000000,4096,4096,4096,random-uniform,0.217578,0.254143,15,mm
rosko,5,97.000000,4096,4096,4096,diagonal,0.122185,0.147284,15,mm
rosko,5,97.000000,4096,4096,4096,row-pattern,0.196674,0.223700,15,mm
rosko,5,97.000000,4096,4096,4096,column-pattern,0.127976,0.162132,15,mm
rosko,6,97.000000,4096,4096,4096,random-uniform,0.185142,0.216920,15,mm
rosko,6,97.000000,4096,4096,4096,diagonal,0.109614,0.133265,15,mm
rosko,6,97.000000,4096,4096,4096,row-pattern,0.204322,0.228623,15,mm
rosko,6,97.000000,4096,4096,4096,column-pattern,0.116301,0.146665,15,mm
rosko,7,97.000000,4096,4096,4096,random-uniform,0.188367,0.217660,15,mm
rosko,7,97.000000,4096,4096,4096,diagonal,0.111607,0.134343,15,mm
rosko,7,97.000000,4096,4096,4096,row-pattern,0.190653,0.213178,15,mm
rosko,7,97.000000,4096,4096,4096,column-pattern,0.116207,0.144202,15,mm
rosko,8,97.000000,4096,4096,4096,random-uniform,0.201006,0.229933,15,mm
rosko,8,97.000000,4096,4096,4096,diagonal,0.110204,0.132911,15,mm
rosko,8,97.000000,4096,4096,4096,row-pattern,0.190629,0.213333,15,mm
rosko,8,97.000000,4096,4096,4096,column-pattern,0.112096,0.139464,15,mm
rosko,9,97.000000,4096,4096,4096,random-uniform,0.200865,0.232861,15,mm
rosko,9,97.000000,4096,4096,4096,diagonal,0.117522,0.140130,15,mm
rosko,9,97.000000,4096,4096,4096,row-pattern,0.200269,0.224620,15,mm
rosko,9,97.000000,4096,4096,4096,column-pattern,0.121842,0.151769,15,mm
rosko,10,97.000000,4096,4096,4096,random-uniform,0.197427,0.227146,15,mm
rosko,10,97.000000,4096,4096,4096,diagonal,0.113616,0.135725,15,mm
rosko,10,97.000000,4096,4096,4096,row-pattern,0.202041,0.224870,15,mm
rosko,10,97.000000,4096,4096,4096,column-pattern,0.118614,0.147860,15,mm
rosko,12,97.000000,4096,4096,4096,random-uniform,0.199819,0.227685,15,mm
rosko,12,97.000000,4096,4096,4096,diagonal,0.104213,0.126358,15,mm
rosko,12,97.000000,4096,4096,4096,row-pattern,0.196309,0.218405,15,mm
rosko,12,97.000000,4096,4096,4096,column-pattern,0.107559,0.134801,15,mm
rosko,14,97.000000,4096,4096,4096,random-uniform,0.218075,0.247811,15,mm
rosko,14,97.000000,4096,4096,4096,diagonal,0.112736,0.134696,15,mm
rosko,14,97.000000,4096,4096,4096,row-pattern,0.202939,0.225847,15,mm
rosko,14,97.000000,4096,4096,4096,column-pattern,0.115067,0.142888,15,mm
rosko,16,97.000000,4096,4096,4096,random-uniform,0.220148,0.248370,15,mm
rosko,16,97.000000,4096,4096,4096,diagonal,0.103610,0.124633,15,mm
rosko,16,97.000000,4096,4096,4096,row-pattern,0.211298,0.233471,15,mm
rosko,16,97.000000,4096,4096,4096,column-pattern,0.107841,0.134843,15,mm
rosko,18,97.000000,4096,4096,4096,random-uniform,0.226619,0.255379,15,mm
rosko,18,97.000000,4096,4096,4096,diagonal,0.111496,0.133012,15,mm
rosko,18,97.000000,4096,4096,4096,row-pattern,0.207450,0.229277,15,mm
rosko,18,97.000000,4096,4096,4096,column-pattern,0.112742,0.139985,15,mm
rosko,20,97.000000,4096,4096,4096,random-uniform,0.232336,0.261612,15,mm
rosko,20,97.000000,4096,4096,4096,diagonal,0.105668,0.126865,15,mm
rosko,20,97.000000,4096,4096,4096,row-pattern,0.216507,0.239187,15,mm
rosko,20,97.000000,4096,4096,4096,column-pattern,0.109291,0.136437,15,mm
rosko,25,97.000000,4096,4096,4096,random-uniform,0.246451,0.276712,15,mm
rosko,25,97.000000,4096,4096,4096,diagonal,0.109946,0.132045,15,mm
rosko,25,97.000000,4096,4096,4096,row-pattern,0.217025,0.239428,15,mm
rosko,25,97.000000,4096,4096,4096,column-pattern,0.115228,0.144084,15,mm
rosko,30,97.000000,4096,4096,4096,random-uniform,0.265631,0.295631,15,mm
rosko,30,97.000000,4096,4096,4096,diagonal,0.109946,0.132161,15,mm
rosko,30,97.000000,4096,4096,4096,row-pattern,0.228228,0.251585,15,mm
rosko,30,97.000000,4096,4096,4096,column-pattern,0.111106,0.139602,15,mm
rosko,35,97.000000,4096,4096,4096,random-uniform,0.267623,0.297485,15,mm
rosko,35,97.000000,4096,4096,4096,diagonal,0.108521,0.130910,15,mm
rosko,35,97.000000,4096,4096,4096,row-pattern,0.225089,0.249133,15,mm
rosko,35,97.000000,4096,4096,4096,column-pattern,0.111045,0.139618,15,mm
rosko,40,97.000000,4096,4096,4096,random-uniform,0.287386,0.317517,15,mm
rosko,40,97.000000,4096,4096,4096,diagonal,0.105514,0.128032,15,mm
rosko,40,97.000000,4096,4096,4096,row-pattern,0.224962,0.248434,15,mm
rosko,40,97.000000,4096,4096,4096,column-pattern,0.109818,0.138266,15,mm
rosko,50,97.000000,4096,4096,4096,random-uniform,0.329405,0.360096,15,mm
rosko,50,97.000000,4096,4096,4096,diagonal,0.109393,0.132712,15,mm
rosko,50,97.000000,4096,4096,4096,row-pattern,0.240192,0.264501,15,mm
rosko,50,97.000000,4096,4096,4096,column-pattern,0.115156,0.145257,15,mm
rosko,75,97.000000,4096,4096,4096,random-uniform,0.369093,0.402575,15,mm
rosko,75,97.000000,4096,4096,4096,diagonal,0.111890,0.137461,15,mm
rosko,75,97.000000,4096,4096,4096,row-pattern,0.237969,0.263861,15,mm
rosko,75,97.000000,4096,4096,4096,column-pattern,0.118476,0.149686,15,mm
rosko,100,97.000000,4096,4096,4096,random-uniform,0.437309,0.472673,15,mm
rosko,100,97.000000,4096,4096,4096,diagonal,0.118425,0.146190,15,mm
rosko,100,97.000000,4096,4096,4096,row-pattern,0.246121,0.273996,15,mm
rosko,100,97.000000,4096,4096,4096,column-pattern,0.124796,0.158690,15,mm
rosko,125,97.000000,4096,4096,4096,random-uniform,0.442539,0.482243,15,mm
rosko,125,97.000000,4096,4096,4096,diagonal,0.133390,0.166649,15,mm
rosko,125,97.000000,4096,4096,4096,row-pattern,0.246306,0.280175,15,mm
rosko,125,97.000000,4096,4096,4096,column-pattern,0.147496,0.185639,15,mm
rosko,150,97.000000,4096,4096,4096,random-uniform,0.473559,0.514877,15,mm
rosko,150,97.000000,4096,4096,4096,diagonal,0.131782,0.166494,15,mm
rosko,150,97.000000,4096,4096,4096,row-pattern,0.253013,0.287209,15,mm
rosko,150,97.000000,4096,4096,4096,column-pattern,0.144714,0.185186,15,mm
rosko,175,97.000000,4096,4096,4096,random-uniform,0.508564,0.549463,15,mm
rosko,175,97.000000,4096,4096,4096,diagonal,0.128735,0.162070,15,mm
rosko,175,97.000000,4096,4096,4096,row-pattern,0.254462,0.288862,15,mm
rosko,175,97.000000,4096,4096,4096,column-pattern,0.140220,0.179918,15,mm
rosko,200,97.000000,4096,4096,4096,random-uniform,0.503753,0.547208,15,mm
rosko,200,97.000000,4096,4096,4096,diagonal,0.133119,0.168179,15,mm
rosko,200,97.000000,4096,4096,4096,row-pattern,0.253033,0.289160,15,mm
rosko,200,97.000000,4096,4096,4096,column-pattern,0.147183,0.189543,15,mm
rosko,4,98.000000,4096,4096,4096,random-uniform,0.123716,0.150531,15,mm
rosko,4,98.000000,4096,4096,4096,diagonal,0.082249,0.103568,15,mm
rosko,4,98.000000,4096,4096,4096,row-pattern,0.144956,0.166006,15,mm
rosko,4,98.000000,4096,4096,4096,column-pattern,0.080984,0.106826,15,mm
rosko,5,98.000000,4096,4096,4096,random-uniform,0.182350,0.215675,15,mm
rosko,5,98.000000,4096,4096,4096,diagonal,0.103219,0.128102,15,mm
rosko,5,98.000000,4096,4096,4096,row-pattern,0.170582,0.196008,15,mm
rosko,5,98.000000,4096,4096,4096,column-pattern,0.102396,0.134399,15,mm
rosko,6,98.000000,4096,4096,4096,random-uniform,0.161905,0.191521,15,mm
rosko,6,98.000000,4096,4096,4096,diagonal,0.096224,0.118931,15,mm
rosko,6,98.000000,4096,4096,4096,row-pattern,0.154954,0.177631,15,mm
rosko,6,98.000000,4096,4096,4096,column-pattern,0.095550,0.124213,15,mm
rosko,7,98.000000,4096,4096,4096,random-uniform,0.159133,0.186347,15,mm
rosko,7,98.000000,4096,4096,4096,diagonal,0.087819,0.109524,15,mm
rosko,7,98.000000,4096,4096,4096,row-pattern,0.154307,0.175372,15,mm
rosko,7,98.000000,4096,4096,4096,column-pattern,0.089362,0.115807,15,mm
rosko,8,98.000000,4096,4096,4096,random-uniform,0.162660,0.189049,15,mm
rosko,8,98.000000,4096,4096,4096,diagonal,0.087120,0.108009,15,mm
rosko,8,98.000000,4096,4096,4096,row-pattern,0.155622,0.177357,15,mm
rosko,8,98.000000,4096,4096,4096,column-pattern,0.086985,0.112686,15,mm
rosko,9,98.000000,4096,4096,4096,random-uniform,0.174194,0.204002,15,mm
rosko,9,98.000000,4096,4096,4096,diagonal,0.095353,0.117628,15,mm
rosko,9,98.000000,4096,4096,4096,row-pattern,0.160504,0.183210,15,mm
rosko,9,98.000000,4096,4096,4096,column-pattern,0.097922,0.126083,15,mm
rosko,10,98.000000,4096,4096,4096,random-uniform,0.173022,0.201233,15,mm
rosko,10,98.000000,4096,4096,4096,diagonal,0.091401,0.112972,15,mm
rosko,10,98.000000,4096,4096,4096,row-pattern,0.149216,0.170477,15,mm
rosko,10,98.000000,4096,4096,4096,column-pattern,0.094306,0.121864,15,mm
rosko,12,98.000000,4096,4096,4096,random-uniform,0.177567,0.204335,15,mm
rosko,12,98.000000,4096,4096,4096,diagonal,0.083968,0.104656,15,mm
rosko,12,98.000000,4096,4096,4096,row-pattern,0.155150,0.175215,15,mm
rosko,12,98.000000,4096,4096,4096,column-pattern,0.082774,0.107621,15,mm
rosko,14,98.000000,4096,4096,4096,random-uniform,0.181917,0.209205,15,mm
rosko,14,98.000000,4096,4096,4096,diagonal,0.089221,0.110183,15,mm
rosko,14,98.000000,4096,4096,4096,row-pattern,0.171842,0.193445,15,mm
rosko,14,98.000000,4096,4096,4096,column-pattern,0.090785,0.117485,15,mm
rosko,16,98.000000,4096,4096,4096,random-uniform,0.190128,0.216205,15,mm
rosko,16,98.000000,4096,4096,4096,diagonal,0.085960,0.107147,15,mm
rosko,16,98.000000,4096,4096,4096,row-pattern,0.170143,0.191067,15,mm
rosko,16,98.000000,4096,4096,4096,column-pattern,0.085677,0.110612,15,mm
rosko,18,98.000000,4096,4096,4096,random-uniform,0.195279,0.221677,15,mm
rosko,18,98.000000,4096,4096,4096,diagonal,0.088926,0.109477,15,mm
rosko,18,98.000000,4096,4096,4096,row-pattern,0.165346,0.185834,15,mm
rosko,18,98.000000,4096,4096,4096,column-pattern,0.088894,0.115048,15,mm
rosko,20,98.000000,4096,4096,4096,random-uniform,0.202071,0.228693,15,mm
rosko,20,98.000000,4096,4096,4096,diagonal,0.083501,0.104233,15,mm
rosko,20,98.000000,4096,4096,4096,row-pattern,0.179440,0.200701,15,mm
rosko,20,98.000000,4096,4096,4096,column-pattern,0.086168,0.111931,15,mm
rosko,25,98.000000,4096,4096,4096,random-uniform,0.217162,0.244826,15,mm
rosko,25,98.000000,4096,4096,4096,diagonal,0.087738,0.108629,15,mm
rosko,25,98.000000,4096,4096,4096,row-pattern,0.178652,0.200031,15,mm
rosko,25,98.000000,4096,4096,4096,column-pattern,0.089793,0.116450,15,mm
rosko,30,98.000000,4096,4096,4096,random-uniform,0.231337,0.258581,15,mm
rosko,30,98.000000,4096,4096,4096,diagonal,0.087140,0.108282,15,mm
rosko,30,98.000000,4096,4096,4096,row-pattern,0.172316,0.194233,15,mm
rosko,30,98.000000,4096,4096,4096,column-pattern,0.087135,0.114106,15,mm
rosko,35,98.000000,4096,4096,4096,random-uniform,0.240207,0.267795,15,mm
rosko,35,98.000000,4096,4096,4096,diagonal,0.087071,0.108399,15,mm
rosko,35,98.000000,4096,4096,4096,row-pattern,0.176694,0.198011,15,mm
rosko,35,98.000000,4096,4096,4096,column-pattern,0.087918,0.114390,15,mm
rosko,40,98.000000,4096,4096,4096,random-uniform,0.257312,0.284742,15,mm
rosko,40,98.000000,4096,4096,4096,diagonal,0.086358,0.108058,15,mm
rosko,40,98.000000,4096,4096,4096,row-pattern,0.168311,0.190273,15,mm
rosko,40,98.000000,4096,4096,4096,column-pattern,0.087670,0.114790,15,mm
rosko,50,98.000000,4096,4096,4096,random-uniform,0.289068,0.318138,15,mm
rosko,50,98.000000,4096,4096,4096,diagonal,0.091298,0.114129,15,mm
rosko,50,98.000000,4096,4096,4096,row-pattern,0.175259,0.197558,15,mm
rosko,50,98.000000,4096,4096,4096,column-pattern,0.088750,0.116720,15,mm
rosko,75,98.000000,4096,4096,4096,random-uniform,0.328382,0.358906,15,mm
rosko,75,98.000000,4096,4096,4096,diagonal,0.095103,0.119327,15,mm
rosko,75,98.000000,4096,4096,4096,row-pattern,0.185050,0.209091,15,mm
rosko,75,98.000000,4096,4096,4096,column-pattern,0.096402,0.125931,15,mm
rosko,100,98.000000,4096,4096,4096,random-uniform,0.365953,0.398189,15,mm
rosko,100,98.000000,4096,4096,4096,diagonal,0.097064,0.122225,15,mm
rosko,100,98.000000,4096,4096,4096,row-pattern,0.185597,0.211639,15,mm
rosko,100,98.000000,4096,4096,4096,column-pattern,0.099443,0.130759,15,mm
rosko,125,98.000000,4096,4096,4096,random-uniform,0.342610,0.378064,15,mm
rosko,125,98.000000,4096,4096,4096,diagonal,0.116362,0.147187,15,mm
rosko,125,98.000000,4096,4096,4096,row-pattern,0.199154,0.229857,15,mm
rosko,125,98.000000,4096,4096,4096,column-pattern,0.123169,0.157836,15,mm
rosko,150,98.000000,4096,4096,4096,random-uniform,0.363826,0.401609,15,mm
rosko,150,98.000000,4096,4096,4096,diagonal,0.112329,0.144092,15,mm
rosko,150,98.000000,4096,4096,4096,row-pattern,0.194046,0.225039,15,mm
rosko,150,98.000000,4096,4096,4096,column-pattern,0.117824,0.155203,15,mm
rosko,175,98.000000,4096,4096,4096,random-uniform,0.378938,0.415556,15,mm
rosko,175,98.000000,4096,4096,4096,diagonal,0.112396,0.143086,15,mm
rosko,175,98.000000,4096,4096,4096,row-pattern,0.193401,0.223693,15,mm
rosko,175,98.000000,4096,4096,4096,column-pattern,0.113800,0.150448,15,mm
rosko,200,98.000000,4096,4096,4096,random-uniform,0.379406,0.419356,15,mm
rosko,200,98.000000,4096,4096,4096,diagonal,0.116688,0.149619,15,mm
rosko,200,98.000000,4096,4096,4096,row-pattern,0.199111,0.231220,15,mm
rosko,200,98.000000,4096,4096,4096,column-pattern,0.122209,0.160518,15,mm
rosko,4,99.000000,4096,4096,4096,random-uniform,0.102971,0.127613,15,mm
rosko,4,99.000000,4096,4096,4096,diagonal,0.067844,0.088370,15,mm
rosko,4,99.000000,4096,4096,4096,row-pattern,0.126983,0.147475,15,mm
rosko,4,99.000000,4096,4096,4096,column-pattern,0.065248,0.090069,15,mm
rosko,5,99.000000,4096,4096,4096,random-uniform,0.148560,0.179646,15,mm
rosko,5,99.000000,4096,4096,4096,diagonal,0.084530,0.108586,15,mm
rosko,5,99.000000,4096,4096,4096,row-pattern,0.123860,0.147538,15,mm
rosko,5,99.000000,4096,4096,4096,column-pattern,0.081423,0.111302,15,mm
rosko,6,99.000000,4096,4096,4096,random-uniform,0.131733,0.158741,15,mm
rosko,6,99.000000,4096,4096,4096,diagonal,0.077946,0.100182,15,mm
rosko,6,99.000000,4096,4096,4096,row-pattern,0.125661,0.146667,15,mm
rosko,6,99.000000,4096,4096,4096,column-pattern,0.075177,0.101270,15,mm
rosko,7,99.000000,4096,4096,4096,random-uniform,0.136135,0.161451,15,mm
rosko,7,99.000000,4096,4096,4096,diagonal,0.072870,0.093660,15,mm
rosko,7,99.000000,4096,4096,4096,row-pattern,0.115214,0.134725,15,mm
rosko,7,99.000000,4096,4096,4096,column-pattern,0.071925,0.096754,15,mm
rosko,8,99.000000,4096,4096,4096,random-uniform,0.138168,0.162968,15,mm
rosko,8,99.000000,4096,4096,4096,diagonal,0.071172,0.091046,15,mm
rosko,8,99.000000,4096,4096,4096,row-pattern,0.115842,0.134955,15,mm
rosko,8,99.000000,4096,4096,4096,column-pattern,0.066852,0.090547,15,mm
rosko,9,99.000000,4096,4096,4096,random-uniform,0.148398,0.175843,15,mm
rosko,9,99.000000,4096,4096,4096,diagonal,0.075054,0.096484,15,mm
rosko,9,99.000000,4096,4096,4096,row-pattern,0.122202,0.143397,15,mm
rosko,9,99.000000,4096,4096,4096,column-pattern,0.074375,0.100458,15,mm
rosko,10,99.000000,4096,4096,4096,random-uniform,0.142275,0.168302,15,mm
rosko,10,99.000000,4096,4096,4096,diagonal,0.073677,0.094528,15,mm
rosko,10,99.000000,4096,4096,4096,row-pattern,0.125484,0.145621,15,mm
rosko,10,99.000000,4096,4096,4096,column-pattern,0.071458,0.096978,15,mm
rosko,12,99.000000,4096,4096,4096,random-uniform,0.141106,0.165743,15,mm
rosko,12,99.000000,4096,4096,4096,diagonal,0.068672,0.088384,15,mm
rosko,12,99.000000,4096,4096,4096,row-pattern,0.119303,0.138306,15,mm
rosko,12,99.000000,4096,4096,4096,column-pattern,0.066848,0.090762,15,mm
rosko,14,99.000000,4096,4096,4096,random-uniform,0.152723,0.178308,15,mm
rosko,14,99.000000,4096,4096,4096,diagonal,0.072772,0.093594,15,mm
rosko,14,99.000000,4096,4096,4096,row-pattern,0.121892,0.141326,15,mm
rosko,14,99.000000,4096,4096,4096,column-pattern,0.072188,0.097366,15,mm
rosko,16,99.000000,4096,4096,4096,random-uniform,0.151338,0.175899,15,mm
rosko,16,99.000000,4096,4096,4096,diagonal,0.069243,0.089246,15,mm
rosko,16,99.000000,4096,4096,4096,row-pattern,0.119556,0.138789,15,mm
rosko,16,99.000000,4096,4096,4096,column-pattern,0.067714,0.091546,15,mm
rosko,18,99.000000,4096,4096,4096,random-uniform,0.163235,0.188224,15,mm
rosko,18,99.000000,4096,4096,4096,diagonal,0.073167,0.093276,15,mm
rosko,18,99.000000,4096,4096,4096,row-pattern,0.124621,0.143332,15,mm
rosko,18,99.000000,4096,4096,4096,column-pattern,0.071788,0.096509,15,mm
rosko,20,99.000000,4096,4096,4096,random-uniform,0.156653,0.181645,15,mm
rosko,20,99.000000,4096,4096,4096,diagonal,0.068273,0.088215,15,mm
rosko,20,99.000000,4096,4096,4096,row-pattern,0.124263,0.143906,15,mm
rosko,20,99.000000,4096,4096,4096,column-pattern,0.068278,0.091915,15,mm
rosko,25,99.000000,4096,4096,4096,random-uniform,0.183412,0.209349,15,mm
rosko,25,99.000000,4096,4096,4096,diagonal,0.071551,0.091980,15,mm
rosko,25,99.000000,4096,4096,4096,row-pattern,0.124287,0.143892,15,mm
rosko,25,99.000000,4096,4096,4096,column-pattern,0.070513,0.095600,15,mm
rosko,30,99.000000,4096,4096,4096,random-uniform,0.191152,0.216750,15,mm
rosko,30,99.000000,4096,4096,4096,diagonal,0.070837,0.091174,15,mm
rosko,30,99.000000,4096,4096,4096,row-pattern,0.127022,0.146890,15,mm
rosko,30,99.000000,4096,4096,4096,column-pattern,0.068121,0.092967,15,mm
rosko,35,99.000000,4096,4096,4096,random-uniform,0.197045,0.222295,15,mm
rosko,35,99.000000,4096,4096,4096,diagonal,0.070984,0.091616,15,mm
rosko,35,99.000000,4096,4096,4096,row-pattern,0.128547,0.149126,15,mm
rosko,35,99.000000,4096,4096,4096,column-pattern,0.069536,0.095001,15,mm
rosko,40,99.000000,4096,4096,4096,random-uniform,0.206602,0.232111,15,mm
rosko,40,99.000000,4096,4096,4096,diagonal,0.071329,0.092918,15,mm
rosko,40,99.000000,4096,4096,4096,row-pattern,0.121694,0.141973,15,mm
rosko,40,99.000000,4096,4096,4096,column-pattern,0.069800,0.095426,15,mm
rosko,50,99.000000,4096,4096,4096,random-uniform,0.220655,0.246942,15,mm
rosko,50,99.000000,4096,4096,4096,diagonal,0.074661,0.095853,15,mm
rosko,50,99.000000,4096,4096,4096,row-pattern,0.121776,0.142551,15,mm
rosko,50,99.000000,4096,4096,4096,column-pattern,0.071492,0.097330,15,mm
rosko,75,99.000000,4096,4096,4096,random-uniform,0.231414,0.259437,15,mm
rosko,75,99.000000,4096,4096,4096,diagonal,0.078872,0.102181,15,mm
rosko,75,99.000000,4096,4096,4096,row-pattern,0.128837,0.150525,15,mm
rosko,75,99.000000,4096,4096,4096,column-pattern,0.077251,0.104555,15,mm
rosko,100,99.000000,4096,4096,4096,random-uniform,0.229846,0.258331,15,mm
rosko,100,99.000000,4096,4096,4096,diagonal,0.082171,0.105864,15,mm
rosko,100,99.000000,4096,4096,4096,row-pattern,0.133860,0.157046,15,mm
rosko,100,99.000000,4096,4096,4096,column-pattern,0.079802,0.108989,15,mm
rosko,125,99.000000,4096,4096,4096,random-uniform,0.238121,0.269951,15,mm
rosko,125,99.000000,4096,4096,4096,diagonal,0.099674,0.127938,15,mm
rosko,125,99.000000,4096,4096,4096,row-pattern,0.156129,0.183111,15,mm
rosko,125,99.000000,4096,4096,4096,column-pattern,0.099183,0.130782,15,mm
rosko,150,99.000000,4096,4096,4096,random-uniform,0.248464,0.282601,15,mm
rosko,150,99.000000,4096,4096,4096,diagonal,0.099294,0.127661,15,mm
rosko,150,99.000000,4096,4096,4096,row-pattern,0.147374,0.174994,15,mm
rosko,150,99.000000,4096,4096,4096,column-pattern,0.095376,0.128457,15,mm
rosko,175,99.000000,4096,4096,4096,random-uniform,0.249118,0.282382,15,mm
rosko,175,99.000000,4096,4096,4096,diagonal,0.097095,0.125100,15,mm
rosko,175,99.000000,4096,4096,4096,row-pattern,0.141918,0.168621,15,mm
rosko,175,99.000000,4096,4096,4096,column-pattern,0.091867,0.125576,15,mm
rosko,200,99.000000,4096,4096,4096,random-uniform,0.255602,0.290651,15,mm
rosko,200,99.000000,4096,4096,4096,diagonal,0.102056,0.131633,15,mm
rosko,200,99.000000,4096,4096,4096,row-pattern,0.149989,0.178474,15,mm
rosko,200,99.000000,4096,4096,4096,column-pattern,0.095745,0.130593,15,mm
rosko,4,99.900002,4096,4096,4096,random-uniform,0.078974,0.101506,15,mm
rosko,4,99.900002,4096,4096,4096,diagonal,0.059355,0.078967,15,mm
rosko,4,99.900002,4096,4096,4096,row-pattern,0.077369,0.095683,15,mm
rosko,4,99.900002,4096,4096,4096,column-pattern,0.056944,0.078070,15,mm
rosko,5,99.900002,4096,4096,4096,random-uniform,0.096116,0.123565,15,mm
rosko,5,99.900002,4096,4096,4096,diagonal,0.067411,0.090868,15,mm
rosko,5,99.900002,4096,4096,4096,row-pattern,0.072728,0.095004,15,mm
rosko,5,99.900002,4096,4096,4096,column-pattern,0.062303,0.088880,15,mm
rosko,6,99.900002,4096,4096,4096,random-uniform,0.090316,0.115249,15,mm
rosko,6,99.900002,4096,4096,4096,diagonal,0.064240,0.085612,15,mm
rosko,6,99.900002,4096,4096,4096,row-pattern,0.075930,0.095855,15,mm
rosko,6,99.900002,4096,4096,4096,column-pattern,0.058942,0.082470,15,mm
rosko,7,99.900002,4096,4096,4096,random-uniform,0.086213,0.108686,15,mm
rosko,7,99.900002,4096,4096,4096,diagonal,0.063244,0.083408,15,mm
rosko,7,99.900002,4096,4096,4096,row-pattern,0.075431,0.093915,15,mm
rosko,7,99.900002,4096,4096,4096,column-pattern,0.059386,0.082207,15,mm
rosko,8,99.900002,4096,4096,4096,random-uniform,0.085660,0.108464,15,mm
rosko,8,99.900002,4096,4096,4096,diagonal,0.063351,0.082868,15,mm
rosko,8,99.900002,4096,4096,4096,row-pattern,0.070710,0.089091,15,mm
rosko,8,99.900002,4096,4096,4096,column-pattern,0.058898,0.081673,15,mm
rosko,9,99.900002,4096,4096,4096,random-uniform,0.091354,0.115547,15,mm
rosko,9,99.900002,4096,4096,4096,diagonal,0.065077,0.086224,15,mm
rosko,9,99.900002,4096,4096,4096,row-pattern,0.076040,0.095437,15,mm
rosko,9,99.900002,4096,4096,4096,column-pattern,0.059703,0.083114,15,mm
rosko,10,99.900002,4096,4096,4096,random-uniform,0.092208,0.114876,15,mm
rosko,10,99.900002,4096,4096,4096,diagonal,0.067911,0.087597,15,mm
rosko,10,99.900002,4096,4096,4096,row-pattern,0.080368,0.098864,15,mm
rosko,10,99.900002,4096,4096,4096,column-pattern,0.064238,0.085880,15,mm
rosko,12,99.900002,4096,4096,4096,random-uniform,0.083050,0.105188,15,mm
rosko,12,99.900002,4096,4096,4096,diagonal,0.061476,0.081011,15,mm
rosko,12,99.900002,4096,4096,4096,row-pattern,0.068896,0.086762,15,mm
rosko,12,99.900002,4096,4096,4096,column-pattern,0.057559,0.079383,15,mm
rosko,14,99.900002,4096,4096,4096,random-uniform,0.085525,0.107935,15,mm
rosko,14,99.900002,4096,4096,4096,diagonal,0.062367,0.082020,15,mm
rosko,14,99.900002,4096,4096,4096,row-pattern,0.066940,0.085110,15,mm
rosko,14,99.900002,4096,4096,4096,column-pattern,0.057366,0.079219,15,mm
rosko,16,99.900002,4096,4096,4096,random-uniform,0.082279,0.104280,15,mm
rosko,16,99.900002,4096,4096,4096,diagonal,0.062110,0.081439,15,mm
rosko,16,99.900002,4096,4096,4096,row-pattern,0.074849,0.092409,15,mm
rosko,16,99.900002,4096,4096,4096,column-pattern,0.057277,0.077941,15,mm
rosko,18,99.900002,4096,4096,4096,random-uniform,0.088576,0.110738,15,mm
rosko,18,99.900002,4096,4096,4096,diagonal,0.067296,0.086611,15,mm
rosko,18,99.900002,4096,4096,4096,row-pattern,0.075205,0.093067,15,mm
rosko,18,99.900002,4096,4096,4096,column-pattern,0.062377,0.083083,15,mm
rosko,20,99.900002,4096,4096,4096,random-uniform,0.082916,0.105361,15,mm
rosko,20,99.900002,4096,4096,4096,diagonal,0.062380,0.082425,15,mm
rosko,20,99.900002,4096,4096,4096,row-pattern,0.075232,0.093516,15,mm
rosko,20,99.900002,4096,4096,4096,column-pattern,0.056582,0.078790,15,mm
rosko,25,99.900002,4096,4096,4096,random-uniform,0.084713,0.107714,15,mm
rosko,25,99.900002,4096,4096,4096,diagonal,0.063179,0.082872,15,mm
rosko,25,99.900002,4096,4096,4096,row-pattern,0.072284,0.090983,15,mm
rosko,25,99.900002,4096,4096,4096,column-pattern,0.056698,0.078982,15,mm
rosko,30,99.900002,4096,4096,4096,random-uniform,0.083462,0.106064,15,mm
rosko,30,99.900002,4096,4096,4096,diagonal,0.062713,0.082146,15,mm
rosko,30,99.900002,4096,4096,4096,row-pattern,0.071427,0.090298,15,mm
rosko,30,99.900002,4096,4096,4096,column-pattern,0.057409,0.078605,15,mm
rosko,35,99.900002,4096,4096,4096,random-uniform,0.083629,0.106101,15,mm
rosko,35,99.900002,4096,4096,4096,diagonal,0.062818,0.082969,15,mm
rosko,35,99.900002,4096,4096,4096,row-pattern,0.075841,0.094803,15,mm
rosko,35,99.900002,4096,4096,4096,column-pattern,0.057746,0.079179,15,mm
rosko,40,99.900002,4096,4096,4096,random-uniform,0.084251,0.107196,15,mm
rosko,40,99.900002,4096,4096,4096,diagonal,0.063863,0.083957,15,mm
rosko,40,99.900002,4096,4096,4096,row-pattern,0.075608,0.094184,15,mm
rosko,40,99.900002,4096,4096,4096,column-pattern,0.058366,0.080426,15,mm
rosko,50,99.900002,4096,4096,4096,random-uniform,0.086554,0.109722,15,mm
rosko,50,99.900002,4096,4096,4096,diagonal,0.065857,0.086639,15,mm
rosko,50,99.900002,4096,4096,4096,row-pattern,0.072866,0.092168,15,mm
rosko,50,99.900002,4096,4096,4096,column-pattern,0.059844,0.082344,15,mm
rosko,75,99.900002,4096,4096,4096,random-uniform,0.090863,0.115372,15,mm
rosko,75,99.900002,4096,4096,4096,diagonal,0.070277,0.091896,15,mm
rosko,75,99.900002,4096,4096,4096,row-pattern,0.080516,0.100761,15,mm
rosko,75,99.900002,4096,4096,4096,column-pattern,0.063662,0.087508,15,mm
rosko,100,99.900002,4096,4096,4096,random-uniform,0.097095,0.124511,15,mm
rosko,100,99.900002,4096,4096,4096,diagonal,0.075503,0.098271,15,mm
rosko,100,99.900002,4096,4096,4096,row-pattern,0.082853,0.104109,15,mm
rosko,100,99.900002,4096,4096,4096,column-pattern,0.065947,0.090002,15,mm
rosko,125,99.900002,4096,4096,4096,random-uniform,0.108020,0.135435,15,mm
rosko,125,99.900002,4096,4096,4096,diagonal,0.091124,0.116628,15,mm
rosko,125,99.900002,4096,4096,4096,row-pattern,0.098689,0.123110,15,mm
rosko,125,99.900002,4096,4096,4096,column-pattern,0.080778,0.105876,15,mm
rosko,150,99.900002,4096,4096,4096,random-uniform,0.105153,0.133367,15,mm
rosko,150,99.900002,4096,4096,4096,diagonal,0.087750,0.114176,15,mm
rosko,150,99.900002,4096,4096,4096,row-pattern,0.091234,0.115583,15,mm
rosko,150,99.900002,4096,4096,4096,column-pattern,0.077964,0.106271,15,mm
rosko,175,99.900002,4096,4096,4096,random-uniform,0.104007,0.132896,15,mm
rosko,175,99.900002,4096,4096,4096,diagonal,0.085906,0.111558,15,mm
rosko,175,99.900002,4096,4096,4096,row-pattern,0.091043,0.115606,15,mm
rosko,175,99.900002,4096,4096,4096,column-pattern,0.074192,0.101781,15,mm
rosko,200,99.900002,4096,4096,4096,random-uniform,0.107684,0.137820,15,mm
rosko,200,99.900002,4096,4096,4096,diagonal,0.089547,0.116469,15,mm
rosko,200,99.900002,4096,4096,4096,row-pattern,0.095628,0.121080,15,mm
rosko,200,99.900002,4096,4096,4096,column-pattern,0.076721,0.105577,15,mm
