algo,p,sp,M,K,N,sppattern,time,ntrials
rosko,6,60.001003,1000,1000,1000,random-uniform,0.014837,10
naive,1,59.970497,1000,1000,1000,random-uniform,1.153081,10
numpy_csr,6,60.0,1000,1000,1000,random-uniform,0.051811,10
numpy_arr,6,60.0,1000,1000,1000,random-uniform,0.003456,10
rosko,6,69.960701,1000,1000,1000,random-uniform,0.013885,10
naive,1,70.006905,1000,1000,1000,random-uniform,1.151047,10
numpy_csr,6,70.0,1000,1000,1000,random-uniform,0.038555,10
numpy_arr,6,70.0,1000,1000,1000,random-uniform,0.005628,10
rosko,6,79.994797,1000,1000,1000,random-uniform,0.008232,10
naive,1,79.976097,1000,1000,1000,random-uniform,1.153999,10
numpy_csr,6,80.0,1000,1000,1000,random-uniform,0.025851,10
numpy_arr,6,80.0,1000,1000,1000,random-uniform,0.003461,10
rosko,6,90.036705,1000,1000,1000,random-uniform,0.002976,10
naive,1,89.939400,1000,1000,1000,random-uniform,1.144622,10
numpy_csr,6,90.0,1000,1000,1000,random-uniform,0.012814,10
numpy_arr,6,90.0,1000,1000,1000,random-uniform,0.004319,10
rosko,6,94.973801,1000,1000,1000,random-uniform,0.002098,10
naive,1,95.009796,1000,1000,1000,random-uniform,1.153354,10
numpy_csr,6,95.0,1000,1000,1000,random-uniform,0.006575,10
numpy_arr,6,95.0,1000,1000,1000,random-uniform,0.003421,10
rosko,6,97.983002,1000,1000,1000,random-uniform,0.002834,10
naive,1,97.994202,1000,1000,1000,random-uniform,1.149946,10
numpy_csr,6,98.0,1000,1000,1000,random-uniform,0.002983,10
numpy_arr,6,98.0,1000,1000,1000,random-uniform,0.003402,10
rosko,6,99.017502,1000,1000,1000,random-uniform,0.004518,10
naive,1,98.999901,1000,1000,1000,random-uniform,1.153496,10
numpy_csr,6,99.0,1000,1000,1000,random-uniform,0.001614,10
numpy_arr,6,99.0,1000,1000,1000,random-uniform,0.005017,10
