algo,p,sp,M,K,N,sppattern,time,ntrials
rosko,40,59.993309,8192,8192,8192,random-uniform,5.831619,30
numpy_arr,40,60.0,8192,8192,8192,random-uniform,2.269326,30
rosko,40,70.003052,8192,8192,8192,random-uniform,3.152965,30
numpy_arr,40,70.0,8192,8192,8192,random-uniform,1.939908,30
rosko,40,79.997116,8192,8192,8192,random-uniform,2.341585,30
numpy_arr,40,80.0,8192,8192,8192,random-uniform,1.982763,30
rosko,40,90.002487,8192,8192,8192,random-uniform,1.424478,30
numpy_csr,40,90.0,8192,8192,8192,random-uniform,12.907237,30
numpy_arr,40,90.0,8192,8192,8192,random-uniform,1.951654,30
rosko,40,95.005013,8192,8192,8192,random-uniform,0.986341,30
numpy_csr,40,95.0,8192,8192,8192,random-uniform,6.585592,30
numpy_arr,40,95.0,8192,8192,8192,random-uniform,1.953519,30
rosko,40,97.998955,8192,8192,8192,random-uniform,0.692931,30
numpy_csr,40,98.0,8192,8192,8192,random-uniform,2.657008,30
numpy_arr,40,98.0,8192,8192,8192,random-uniform,1.912447,30
rosko,40,99.000298,8192,8192,8192,random-uniform,0.594261,30
numpy_csr,40,99.0,8192,8192,8192,random-uniform,1.36977,30
numpy_arr,40,99.0,8192,8192,8192,random-uniform,1.912867,30
rosko,40,99.499283,8192,8192,8192,random-uniform,0.473404,30
numpy_arr,40,99.5,8192,8192,8192,random-uniform,1.915947,30
rosko,40,99.699738,8192,8192,8192,random-uniform,0.418617,30
numpy_arr,40,99.7,8192,8192,8192,random-uniform,1.910968,30
rosko,40,99.900169,8192,8192,8192,random-uniform,0.345155,30
numpy_arr,40,99.9,8192,8192,8192,random-uniform,1.941659,30
