algo,p,sp,M,K,N,sppattern,time,n,ntrials
rosko,6,97.007591,8192,8192,8192,diagonal,0.370665,30
numpy_dia,6,97.01,8192,8192,8192,diagonal,2.140268,30
rosko,6,97.995987,8192,8192,8192,diagonal,0.293899,30
numpy_dia,6,98.01,8192,8192,8192,diagonal,1.458007,30
rosko,6,98.989380,8192,8192,8192,diagonal,0.265234,30
numpy_dia,6,98.99,8192,8192,8192,diagonal,0.77739,30
rosko,6,99.500137,8192,8192,8192,diagonal,0.230339,30
numpy_dia,6,99.5,8192,8192,8192,diagonal,0.397013,30
rosko,6,99.695053,8192,8192,8192,diagonal,0.255161,30
numpy_dia,6,99.7,8192,8192,8192,diagonal,0.266254,30
rosko,6,99.890167,8192,8192,8192,diagonal,0.270790,30
numpy_dia,6,99.89,8192,8192,8192,diagonal,0.160241,30
