algo,store,M,K,N,sp,bw,runs
rosko bw,0,256,256,10000,80,1.064981,10
mkl bw,0,256,256,10000,80,1.361271,10
rosko time,0,256,256,10000,80,0.000321,10
mkl time,0,256,256,10000,80,0.000271,10
rosko bw,1,256,256,10000,80,0.710195,10
mkl bw,1,256,256,10000,80,1.048689,10
rosko time,1,256,256,10000,80,0.000478,10
mkl time,1,256,256,10000,80,0.000351,10
rosko bw,0,768,768,10000,80,1.140575,10
mkl bw,0,768,768,10000,80,1.389587,10
rosko time,0,768,768,10000,80,0.002671,10
mkl time,0,768,768,10000,80,0.002377,10
rosko bw,1,768,768,10000,80,1.132689,10
mkl bw,1,768,768,10000,80,1.373757,10
rosko time,1,768,768,10000,80,0.002696,10
mkl time,1,768,768,10000,80,0.002404,10
rosko bw,0,1280,1280,10000,80,1.148538,10
mkl bw,0,1280,1280,10000,80,1.429140,10
rosko time,0,1280,1280,10000,80,0.007376,10
mkl time,0,1280,1280,10000,80,0.006428,10
rosko bw,1,1280,1280,10000,80,1.133572,10
mkl bw,1,1280,1280,10000,80,1.419954,10
rosko time,1,1280,1280,10000,80,0.007467,10
mkl time,1,1280,1280,10000,80,0.006461,10
rosko bw,0,1792,1792,10000,80,0.891119,10
mkl bw,0,1792,1792,10000,80,1.310395,10
rosko time,0,1792,1792,10000,80,0.018631,10
mkl time,0,1792,1792,10000,80,0.013723,10
rosko bw,1,1792,1792,10000,80,1.108241,10
mkl bw,1,1792,1792,10000,80,1.528243,10
rosko time,1,1792,1792,10000,80,0.014971,10
mkl time,1,1792,1792,10000,80,0.011766,10
rosko bw,0,2304,2304,10000,80,1.046383,10
mkl bw,0,2304,2304,10000,80,1.061423,10
rosko time,0,2304,2304,10000,80,0.026266,10
mkl time,0,2304,2304,10000,80,0.028017,10
rosko bw,1,2304,2304,10000,80,0.915312,10
mkl bw,1,2304,2304,10000,80,1.058493,10
rosko time,1,2304,2304,10000,80,0.029968,10
mkl time,1,2304,2304,10000,80,0.028092,10
rosko bw,0,2816,2816,10000,80,1.046667,10
mkl bw,0,2816,2816,10000,80,0.916955,10
rosko time,0,2816,2816,10000,80,0.039147,10
mkl time,0,2816,2816,10000,80,0.048432,10
rosko bw,1,2816,2816,10000,80,0.948055,10
mkl bw,1,2816,2816,10000,80,1.077517,10
rosko time,1,2816,2816,10000,80,0.043215,10
mkl time,1,2816,2816,10000,80,0.041217,10
rosko bw,0,3328,3328,10000,80,0.925634,10
mkl bw,0,3328,3328,10000,80,0.895803,10
rosko time,0,3328,3328,10000,80,0.061856,10
mkl time,0,3328,3328,10000,80,0.069243,10
rosko bw,1,3328,3328,10000,80,0.805163,10
mkl bw,1,3328,3328,10000,80,0.925480,10
rosko time,1,3328,3328,10000,80,0.071085,10
mkl time,1,3328,3328,10000,80,0.067051,10
rosko bw,0,3840,3840,10000,80,0.858163,10
mkl bw,0,3840,3840,10000,80,0.890119,10
rosko time,0,3840,3840,10000,80,0.088857,10
mkl time,0,3840,3840,10000,80,0.092795,10
rosko bw,1,3840,3840,10000,80,0.993550,10
mkl bw,1,3840,3840,10000,80,0.891661,10
rosko time,1,3840,3840,10000,80,0.076707,10
mkl time,1,3840,3840,10000,80,0.092662,10
rosko bw,0,4352,4352,10000,80,0.900784,10
mkl bw,0,4352,4352,10000,80,0.891781,10
rosko time,0,4352,4352,10000,80,0.108638,10
mkl time,0,4352,4352,10000,80,0.118940,10
rosko bw,1,4352,4352,10000,80,0.942307,10
mkl bw,1,4352,4352,10000,80,0.858136,10
rosko time,1,4352,4352,10000,80,0.103971,10
mkl time,1,4352,4352,10000,80,0.123606,10
rosko bw,0,4864,4864,10000,80,0.962990,10
mkl bw,0,4864,4864,10000,80,0.858625,10
rosko time,0,4864,4864,10000,80,0.127507,10
mkl time,0,4864,4864,10000,80,0.154379,10
rosko bw,1,4864,4864,10000,80,0.887804,10
mkl bw,1,4864,4864,10000,80,0.906074,10
rosko time,1,4864,4864,10000,80,0.137705,10
mkl time,1,4864,4864,10000,80,0.146243,10
rosko bw,0,5376,5376,10000,80,0.882004,10
mkl bw,0,5376,5376,10000,80,0.839837,10
rosko time,0,5376,5376,10000,80,0.169671,10
mkl time,0,5376,5376,10000,80,0.192758,10
rosko bw,1,5376,5376,10000,80,0.957640,10
mkl bw,1,5376,5376,10000,80,0.915150,10
rosko time,1,5376,5376,10000,80,0.155928,10
mkl time,1,5376,5376,10000,80,0.176859,10
rosko bw,0,5888,5888,10000,80,0.934822,10
mkl bw,0,5888,5888,10000,80,0.889335,10
rosko time,0,5888,5888,10000,80,0.191658,10
mkl time,0,5888,5888,10000,80,0.218314,10
rosko bw,1,5888,5888,10000,80,0.903053,10
mkl bw,1,5888,5888,10000,80,0.858435,10
rosko time,1,5888,5888,10000,80,0.198631,10
mkl time,1,5888,5888,10000,80,0.226199,10
rosko bw,0,6400,6400,10000,80,0.973897,10
mkl bw,0,6400,6400,10000,80,0.860836,10
rosko time,0,6400,6400,10000,80,0.217398,10
mkl time,0,6400,6400,10000,80,0.266686,10
rosko bw,1,6400,6400,10000,80,0.897025,10
mkl bw,1,6400,6400,10000,80,0.852046,10
rosko time,1,6400,6400,10000,80,0.235937,10
mkl time,1,6400,6400,10000,80,0.269235,10
rosko bw,0,6912,6912,10000,80,0.988007,10
mkl bw,0,6912,6912,10000,80,0.873874,10
rosko time,0,6912,6912,10000,80,0.249881,10
mkl time,0,6912,6912,10000,80,0.306206,10
rosko bw,1,6912,6912,10000,80,0.933521,10
mkl bw,1,6912,6912,10000,80,0.835790,10
rosko time,1,6912,6912,10000,80,0.264482,10
mkl time,1,6912,6912,10000,80,0.320156,10
rosko bw,0,7424,7424,10000,80,0.970386,10
mkl bw,0,7424,7424,10000,80,0.849629,10
rosko time,0,7424,7424,10000,80,0.293485,10
mkl time,0,7424,7424,10000,80,0.363300,10
rosko bw,1,7424,7424,10000,80,0.990939,10
mkl bw,1,7424,7424,10000,80,0.847533,10
rosko time,1,7424,7424,10000,80,0.287473,10
mkl time,1,7424,7424,10000,80,0.364230,10
rosko bw,0,7936,7936,10000,80,0.986353,10
mkl bw,0,7936,7936,10000,80,0.842758,10
rosko time,0,7936,7936,10000,80,0.329917,10
mkl time,0,7936,7936,10000,80,0.418504,10
rosko bw,1,7936,7936,10000,80,1.015692,10
mkl bw,1,7936,7936,10000,80,0.876256,10
rosko time,1,7936,7936,10000,80,0.320575,10
mkl time,1,7936,7936,10000,80,0.402591,10
rosko bw,0,8448,8448,10000,80,0.933287,10
mkl bw,0,8448,8448,10000,80,0.832955,10
rosko time,0,8448,8448,10000,80,0.395107,10
mkl time,0,8448,8448,10000,80,0.479829,10
rosko bw,1,8448,8448,10000,80,0.835697,10
mkl bw,1,8448,8448,10000,80,0.827340,10
rosko time,1,8448,8448,10000,80,0.441261,10
mkl time,1,8448,8448,10000,80,0.483117,10
rosko bw,0,8960,8960,10000,80,0.968870,10
mkl bw,0,8960,8960,10000,80,0.826420,10
rosko time,0,8960,8960,10000,80,0.428138,10
mkl time,0,8960,8960,10000,80,0.544169,10
rosko bw,1,8960,8960,10000,80,0.823324,10
mkl bw,1,8960,8960,10000,80,0.820580,10
rosko time,1,8960,8960,10000,80,0.506859,10
mkl time,1,8960,8960,10000,80,0.547891,10
rosko bw,0,9472,9472,10000,80,0.790304,10
mkl bw,0,9472,9472,10000,80,0.837308,10
rosko time,0,9472,9472,10000,80,0.586993,10
mkl time,0,9472,9472,10000,80,0.600124,10
rosko bw,1,9472,9472,10000,80,0.891074,10
mkl bw,1,9472,9472,10000,80,0.846624,10
rosko time,1,9472,9472,10000,80,0.520253,10
mkl time,1,9472,9472,10000,80,0.593498,10
rosko bw,0,9984,9984,10000,80,0.949006,10
mkl bw,0,9984,9984,10000,80,0.814689,10
rosko time,0,9984,9984,10000,80,0.542771,10
mkl time,0,9984,9984,10000,80,0.685237,10
rosko bw,1,9984,9984,10000,80,0.958703,10
mkl bw,1,9984,9984,10000,80,0.842076,10
rosko time,1,9984,9984,10000,80,0.537293,10
mkl time,1,9984,9984,10000,80,0.662925,10
rosko bw,0,256,256,10000,87,1.086195,10
mkl bw,0,256,256,10000,87,1.661596,10
rosko time,0,256,256,10000,87,0.000292,10
mkl time,0,256,256,10000,87,0.000200,10
rosko bw,1,256,256,10000,87,0.485715,10
mkl bw,1,256,256,10000,87,0.735890,10
rosko time,1,256,256,10000,87,0.000653,10
mkl time,1,256,256,10000,87,0.000452,10
rosko bw,0,768,768,10000,87,1.021148,10
mkl bw,0,768,768,10000,87,1.481149,10
rosko time,0,768,768,10000,87,0.002809,10
mkl time,0,768,768,10000,87,0.002011,10
rosko bw,1,768,768,10000,87,1.100663,10
mkl bw,1,768,768,10000,87,1.437906,10
rosko time,1,768,768,10000,87,0.002589,10
mkl time,1,768,768,10000,87,0.002072,10
rosko bw,0,1280,1280,10000,87,1.301466,10
mkl bw,0,1280,1280,10000,87,1.592365,10
rosko time,0,1280,1280,10000,87,0.006065,10
mkl time,0,1280,1280,10000,87,0.005189,10
rosko bw,1,1280,1280,10000,87,1.283503,10
mkl bw,1,1280,1280,10000,87,1.575815,10
rosko time,1,1280,1280,10000,87,0.006147,10
mkl time,1,1280,1280,10000,87,0.005243,10
rosko bw,0,1792,1792,10000,87,1.362286,10
mkl bw,0,1792,1792,10000,87,1.542084,10
rosko time,0,1792,1792,10000,87,0.011351,10
mkl time,0,1792,1792,10000,87,0.010501,10
rosko bw,1,1792,1792,10000,87,1.329831,10
mkl bw,1,1792,1792,10000,87,1.506504,10
rosko time,1,1792,1792,10000,87,0.011628,10
mkl time,1,1792,1792,10000,87,0.010750,10
rosko bw,0,2304,2304,10000,87,0.973615,10
mkl bw,0,2304,2304,10000,87,1.098575,10
rosko time,0,2304,2304,10000,87,0.026256,10
mkl time,0,2304,2304,10000,87,0.024362,10
rosko bw,1,2304,2304,10000,87,0.880009,10
mkl bw,1,2304,2304,10000,87,1.029863,10
rosko time,1,2304,2304,10000,87,0.029043,10
mkl time,1,2304,2304,10000,87,0.025985,10
rosko bw,0,2816,2816,10000,87,0.908181,10
mkl bw,0,2816,2816,10000,87,0.911504,10
rosko time,0,2816,2816,10000,87,0.042089,10
mkl time,0,2816,2816,10000,87,0.043874,10
rosko bw,1,2816,2816,10000,87,0.964457,10
mkl bw,1,2816,2816,10000,87,0.929421,10
rosko time,1,2816,2816,10000,87,0.039586,10
mkl time,1,2816,2816,10000,87,0.043012,10
rosko bw,0,3328,3328,10000,87,0.916506,10
mkl bw,0,3328,3328,10000,87,0.938834,10
rosko time,0,3328,3328,10000,87,0.058254,10
mkl time,0,3328,3328,10000,87,0.059479,10
rosko bw,1,3328,3328,10000,87,1.005751,10
mkl bw,1,3328,3328,10000,87,0.901279,10
rosko time,1,3328,3328,10000,87,0.053011,10
mkl time,1,3328,3328,10000,87,0.061936,10
rosko bw,0,3840,3840,10000,87,1.041657,10
mkl bw,0,3840,3840,10000,87,0.877683,10
rosko time,0,3840,3840,10000,87,0.068191,10
mkl time,0,3840,3840,10000,87,0.084764,10
rosko bw,1,3840,3840,10000,87,1.003861,10
mkl bw,1,3840,3840,10000,87,0.871588,10
rosko time,1,3840,3840,10000,87,0.070898,10
mkl time,1,3840,3840,10000,87,0.085291,10
rosko bw,0,4352,4352,10000,87,1.145979,10
mkl bw,0,4352,4352,10000,87,0.887368,10
rosko time,0,4352,4352,10000,87,0.079569,10
mkl time,0,4352,4352,10000,87,0.107599,10
rosko bw,1,4352,4352,10000,87,1.136220,10
mkl bw,1,4352,4352,10000,87,0.915717,10
rosko time,1,4352,4352,10000,87,0.080282,10
mkl time,1,4352,4352,10000,87,0.104278,10
rosko bw,0,4864,4864,10000,87,1.133774,10
mkl bw,0,4864,4864,10000,87,0.895521,10
rosko time,0,4864,4864,10000,87,0.100505,10
mkl time,0,4864,4864,10000,87,0.133219,10
rosko bw,1,4864,4864,10000,87,1.146445,10
mkl bw,1,4864,4864,10000,87,0.871966,10
rosko time,1,4864,4864,10000,87,0.099350,10
mkl time,1,4864,4864,10000,87,0.136753,10
rosko bw,0,5376,5376,10000,87,1.121292,10
mkl bw,0,5376,5376,10000,87,0.942035,10
rosko time,0,5376,5376,10000,87,0.124400,10
mkl time,0,5376,5376,10000,87,0.154639,10
rosko bw,1,5376,5376,10000,87,1.177215,10
mkl bw,1,5376,5376,10000,87,0.925569,10
rosko time,1,5376,5376,10000,87,0.118322,10
mkl time,1,5376,5376,10000,87,0.157402,10
rosko bw,0,5888,5888,10000,87,1.156547,10
mkl bw,0,5888,5888,10000,87,0.912819,10
rosko time,0,5888,5888,10000,87,0.144337,10
mkl time,0,5888,5888,10000,87,0.191449,10
rosko bw,1,5888,5888,10000,87,1.102098,10
mkl bw,1,5888,5888,10000,87,0.893874,10
rosko time,1,5888,5888,10000,87,0.151569,10
mkl time,1,5888,5888,10000,87,0.195482,10
rosko bw,0,6400,6400,10000,87,1.161571,10
mkl bw,0,6400,6400,10000,87,0.911813,10
rosko time,0,6400,6400,10000,87,0.169993,10
mkl time,0,6400,6400,10000,87,0.226445,10
rosko bw,1,6400,6400,10000,87,1.028609,10
mkl bw,1,6400,6400,10000,87,0.893205,10
rosko time,1,6400,6400,10000,87,0.191738,10
mkl time,1,6400,6400,10000,87,0.231153,10
rosko bw,0,6912,6912,10000,87,1.105049,10
mkl bw,0,6912,6912,10000,87,0.924919,10
rosko time,0,6912,6912,10000,87,0.208241,10
mkl time,0,6912,6912,10000,87,0.260350,10
rosko bw,1,6912,6912,10000,87,1.123256,10
mkl bw,1,6912,6912,10000,87,0.922358,10
rosko time,1,6912,6912,10000,87,0.204791,10
mkl time,1,6912,6912,10000,87,0.261127,10
rosko bw,0,7424,7424,10000,87,1.015975,10
mkl bw,0,7424,7424,10000,87,0.894814,10
rosko time,0,7424,7424,10000,87,0.261244,10
mkl time,0,7424,7424,10000,87,0.310517,10
rosko bw,1,7424,7424,10000,87,1.104096,10
mkl bw,1,7424,7424,10000,87,0.922194,10
rosko time,1,7424,7424,10000,87,0.240417,10
mkl time,1,7424,7424,10000,87,0.301258,10
rosko bw,0,7936,7936,10000,87,1.095451,10
mkl bw,0,7936,7936,10000,87,0.885515,10
rosko time,0,7936,7936,10000,87,0.276998,10
mkl time,0,7936,7936,10000,87,0.358547,10
rosko bw,1,7936,7936,10000,87,0.982473,10
mkl bw,1,7936,7936,10000,87,0.870457,10
rosko time,1,7936,7936,10000,87,0.308815,10
mkl time,1,7936,7936,10000,87,0.364889,10
rosko bw,0,8448,8448,10000,87,1.093670,10
mkl bw,0,8448,8448,10000,87,0.905221,10
rosko time,0,8448,8448,10000,87,0.314198,10
mkl time,0,8448,8448,10000,87,0.397418,10
rosko bw,1,8448,8448,10000,87,1.061302,10
mkl bw,1,8448,8448,10000,87,0.902351,10
rosko time,1,8448,8448,10000,87,0.323954,10
mkl time,1,8448,8448,10000,87,0.398683,10
rosko bw,0,8960,8960,10000,87,1.141707,10
mkl bw,0,8960,8960,10000,87,0.894492,10
rosko time,0,8960,8960,10000,87,0.339634,10
mkl time,0,8960,8960,10000,87,0.452346,10
rosko bw,1,8960,8960,10000,87,1.132924,10
mkl bw,1,8960,8960,10000,87,0.886392,10
rosko time,1,8960,8960,10000,87,0.341205,10
mkl time,1,8960,8960,10000,87,0.456507,10
rosko bw,0,9472,9472,10000,87,1.115167,10
mkl bw,0,9472,9472,10000,87,0.851805,10
rosko time,0,9472,9472,10000,87,0.387936,10
mkl time,0,9472,9472,10000,87,0.530904,10
rosko bw,1,9472,9472,10000,87,1.043736,10
mkl bw,1,9472,9472,10000,87,0.847195,10
rosko time,1,9472,9472,10000,87,0.413897,10
mkl time,1,9472,9472,10000,87,0.533769,10
rosko bw,0,9984,9984,10000,87,1.080086,10
mkl bw,0,9984,9984,10000,87,0.824819,10
rosko time,0,9984,9984,10000,87,0.444396,10
mkl time,0,9984,9984,10000,87,0.609245,10
rosko bw,1,9984,9984,10000,87,1.052496,10
mkl bw,1,9984,9984,10000,87,0.863274,10
rosko time,1,9984,9984,10000,87,0.455955,10
mkl time,1,9984,9984,10000,87,0.581986,10
rosko bw,0,256,256,10000,95,0.818114,10
mkl bw,0,256,256,10000,95,0.973611,10
rosko time,0,256,256,10000,95,0.000352,10
mkl time,0,256,256,10000,95,0.000299,10
rosko bw,1,256,256,10000,95,0.925300,10
mkl bw,1,256,256,10000,95,1.812683,10
rosko time,1,256,256,10000,95,0.000406,10
mkl time,1,256,256,10000,95,0.000160,10
rosko bw,0,768,768,10000,95,1.673621,10
mkl bw,0,768,768,10000,95,1.959696,10
rosko time,0,768,768,10000,95,0.001544,10
mkl time,0,768,768,10000,95,0.001326,10
rosko bw,1,768,768,10000,95,1.631471,10
mkl bw,1,768,768,10000,95,1.989130,10
rosko time,1,768,768,10000,95,0.001584,10
mkl time,1,768,768,10000,95,0.001306,10
rosko bw,0,1280,1280,10000,95,1.637462,10
mkl bw,0,1280,1280,10000,95,1.759701,10
rosko time,0,1280,1280,10000,95,0.004385,10
mkl time,0,1280,1280,10000,95,0.004100,10
rosko bw,1,1280,1280,10000,95,1.518243,10
mkl bw,1,1280,1280,10000,95,1.743402,10
rosko time,1,1280,1280,10000,95,0.004732,10
mkl time,1,1280,1280,10000,95,0.004139,10
rosko bw,0,1792,1792,10000,95,1.657280,10
mkl bw,0,1792,1792,10000,95,1.885199,10
rosko time,0,1792,1792,10000,95,0.008491,10
mkl time,0,1792,1792,10000,95,0.007501,10
rosko bw,1,1792,1792,10000,95,1.630704,10
mkl bw,1,1792,1792,10000,95,1.862704,10
rosko time,1,1792,1792,10000,95,0.008629,10
mkl time,1,1792,1792,10000,95,0.007590,10
rosko bw,0,2304,2304,10000,95,1.529819,10
mkl bw,0,2304,2304,10000,95,1.266270,10
rosko time,0,2304,2304,10000,95,0.015209,10
mkl time,0,2304,2304,10000,95,0.018452,10
rosko bw,1,2304,2304,10000,95,1.243707,10
mkl bw,1,2304,2304,10000,95,1.175313,10
rosko time,1,2304,2304,10000,95,0.018706,10
mkl time,1,2304,2304,10000,95,0.019881,10
rosko bw,0,2816,2816,10000,95,1.074865,10
mkl bw,0,2816,2816,10000,95,0.943859,10
rosko time,0,2816,2816,10000,95,0.032332,10
mkl time,0,2816,2816,10000,95,0.036982,10
rosko bw,1,2816,2816,10000,95,1.165087,10
mkl bw,1,2816,2816,10000,95,0.978341,10
rosko time,1,2816,2816,10000,95,0.029825,10
mkl time,1,2816,2816,10000,95,0.035683,10
rosko bw,0,3328,3328,10000,95,1.134375,10
mkl bw,0,3328,3328,10000,95,0.909435,10
rosko time,0,3328,3328,10000,95,0.042837,10
mkl time,0,3328,3328,10000,95,0.053600,10
rosko bw,1,3328,3328,10000,95,1.046185,10
mkl bw,1,3328,3328,10000,95,0.944297,10
rosko time,1,3328,3328,10000,95,0.046389,10
mkl time,1,3328,3328,10000,95,0.051622,10
rosko bw,0,3840,3840,10000,95,1.207420,10
mkl bw,0,3840,3840,10000,95,0.876028,10
rosko time,0,3840,3840,10000,95,0.053516,10
mkl time,0,3840,3840,10000,95,0.074125,10
rosko bw,1,3840,3840,10000,95,1.143147,10
mkl bw,1,3840,3840,10000,95,0.905995,10
rosko time,1,3840,3840,10000,95,0.056622,10
mkl time,1,3840,3840,10000,95,0.071800,10
rosko bw,0,4352,4352,10000,95,1.273414,10
mkl bw,0,4352,4352,10000,95,0.877171,10
rosko time,0,4352,4352,10000,95,0.065163,10
mkl time,0,4352,4352,10000,95,0.095047,10
rosko bw,1,4352,4352,10000,95,1.058929,10
mkl bw,1,4352,4352,10000,95,0.881531,10
rosko time,1,4352,4352,10000,95,0.078391,10
mkl time,1,4352,4352,10000,95,0.094567,10
rosko bw,0,4864,4864,10000,95,1.210527,10
mkl bw,0,4864,4864,10000,95,0.848916,10
rosko time,0,4864,4864,10000,95,0.085628,10
mkl time,0,4864,4864,10000,95,0.122647,10
rosko bw,1,4864,4864,10000,95,1.183059,10
mkl bw,1,4864,4864,10000,95,0.939909,10
rosko time,1,4864,4864,10000,95,0.087958,10
mkl time,1,4864,4864,10000,95,0.110770,10
rosko bw,0,5376,5376,10000,95,1.244909,10
mkl bw,0,5376,5376,10000,95,0.943256,10
rosko time,0,5376,5376,10000,95,0.102044,10
mkl time,0,5376,5376,10000,95,0.134837,10
rosko bw,1,5376,5376,10000,95,1.324392,10
mkl bw,1,5376,5376,10000,95,0.939615,10
rosko time,1,5376,5376,10000,95,0.095600,10
mkl time,1,5376,5376,10000,95,0.135348,10
rosko bw,0,5888,5888,10000,95,1.251290,10
mkl bw,0,5888,5888,10000,95,0.897749,10
rosko time,0,5888,5888,10000,95,0.121556,10
mkl time,0,5888,5888,10000,95,0.169999,10
rosko bw,1,5888,5888,10000,95,1.383506,10
mkl bw,1,5888,5888,10000,95,0.903101,10
rosko time,1,5888,5888,10000,95,0.109839,10
mkl time,1,5888,5888,10000,95,0.169037,10
rosko bw,0,6400,6400,10000,95,1.245317,10
mkl bw,0,6400,6400,10000,95,0.859826,10
rosko time,0,6400,6400,10000,95,0.144233,10
mkl time,0,6400,6400,10000,95,0.209659,10
rosko bw,1,6400,6400,10000,95,1.335219,10
mkl bw,1,6400,6400,10000,95,0.916811,10
rosko time,1,6400,6400,10000,95,0.134538,10
mkl time,1,6400,6400,10000,95,0.196672,10
rosko bw,0,6912,6912,10000,95,1.462246,10
mkl bw,0,6912,6912,10000,95,0.926401,10
rosko time,0,6912,6912,10000,95,0.143160,10
mkl time,0,6912,6912,10000,95,0.226965,10
rosko bw,1,6912,6912,10000,95,1.337849,10
mkl bw,1,6912,6912,10000,95,0.950554,10
rosko time,1,6912,6912,10000,95,0.156458,10
mkl time,1,6912,6912,10000,95,0.221165,10
rosko bw,0,7424,7424,10000,95,1.318392,10
mkl bw,0,7424,7424,10000,95,0.930334,10
rosko time,0,7424,7424,10000,95,0.183193,10
mkl time,0,7424,7424,10000,95,0.260848,10
rosko bw,1,7424,7424,10000,95,1.224005,10
mkl bw,1,7424,7424,10000,95,0.863192,10
rosko time,1,7424,7424,10000,95,0.197426,10
mkl time,1,7424,7424,10000,95,0.281088,10
rosko bw,0,7936,7936,10000,95,1.312749,10
mkl bw,0,7936,7936,10000,95,0.936159,10
rosko time,0,7936,7936,10000,95,0.210291,10
mkl time,0,7936,7936,10000,95,0.296068,10
rosko bw,1,7936,7936,10000,95,1.412842,10
mkl bw,1,7936,7936,10000,95,0.935165,10
rosko time,1,7936,7936,10000,95,0.195330,10
mkl time,1,7936,7936,10000,95,0.296374,10
rosko bw,0,8448,8448,10000,95,1.307608,10
mkl bw,0,8448,8448,10000,95,0.969015,10
rosko time,0,8448,8448,10000,95,0.239369,10
mkl time,0,8448,8448,10000,95,0.324121,10
rosko bw,1,8448,8448,10000,95,1.155513,10
mkl bw,1,8448,8448,10000,95,0.981058,10
rosko time,1,8448,8448,10000,95,0.270630,10
mkl time,1,8448,8448,10000,95,0.320209,10
rosko bw,0,8960,8960,10000,95,1.321508,10
mkl bw,0,8960,8960,10000,95,0.935442,10
rosko time,0,8960,8960,10000,95,0.266171,10
mkl time,0,8960,8960,10000,95,0.377733,10
rosko bw,1,8960,8960,10000,95,1.321741,10
mkl bw,1,8960,8960,10000,95,0.899519,10
rosko time,1,8960,8960,10000,95,0.266862,10
mkl time,1,8960,8960,10000,95,0.392812,10
rosko bw,0,9472,9472,10000,95,1.279868,10
mkl bw,0,9472,9472,10000,95,0.844926,10
rosko time,0,9472,9472,10000,95,0.307248,10
mkl time,0,9472,9472,10000,95,0.467256,10
rosko bw,1,9472,9472,10000,95,1.390757,10
mkl bw,1,9472,9472,10000,95,0.848872,10
rosko time,1,9472,9472,10000,95,0.282724,10
mkl time,1,9472,9472,10000,95,0.465118,10
rosko bw,0,9984,9984,10000,95,1.343872,10
mkl bw,0,9984,9984,10000,95,0.848024,10
rosko time,0,9984,9984,10000,95,0.324985,10
mkl time,0,9984,9984,10000,95,0.517248,10
rosko bw,1,9984,9984,10000,95,1.302129,10
mkl bw,1,9984,9984,10000,95,0.873655,10
rosko time,1,9984,9984,10000,95,0.336012,10
mkl time,1,9984,9984,10000,95,0.502063,10
