algo,p,sp,M,K,N,time,ntrials
rosko,10,60.000000,5000,5000,5000,0.921463,10
numpy_csr,10,60.0,5000,5000,5000,19.98268,10
numpy_arr,10,60.0,5000,5000,5000,0.617552,10
rosko,10,70.000000,5000,5000,5000,0.773688,10
numpy_csr,10,70.0,5000,5000,5000,14.957306,10
numpy_arr,10,70.0,5000,5000,5000,0.612294,10
rosko,10,80.000000,5000,5000,5000,0.547312,10
numpy_csr,10,80.0,5000,5000,5000,10.05639,10
numpy_arr,10,80.0,5000,5000,5000,0.61044,10
rosko,10,90.000000,5000,5000,5000,0.243066,10
numpy_csr,10,90.0,5000,5000,5000,5.083514,10
numpy_arr,10,90.0,5000,5000,5000,0.614556,10
rosko,10,95.000000,5000,5000,5000,0.132519,10
numpy_csr,10,95.0,5000,5000,5000,2.585506,10
numpy_arr,10,95.0,5000,5000,5000,0.61496,10
rosko,10,98.000000,5000,5000,5000,0.088482,10
numpy_csr,10,98.0,5000,5000,5000,1.095366,10
numpy_arr,10,98.0,5000,5000,5000,0.614966,10
rosko,10,99.000000,5000,5000,5000,0.073399,10
numpy_csr,10,99.0,5000,5000,5000,0.592696,10
numpy_arr,10,99.0,5000,5000,5000,0.614371,10