algo,p,sp,M,K,N,sppattern,time,n,ntrials
rosko,4,60.000004,2000,2000,2000,row-pattern,0.143554,10
numpy_dense,4,60.0,2000,2000,2000,row-pattern,0.05202,10
rosko,4,70.000000,2000,2000,2000,row-pattern,0.118642,10
numpy_dense,4,70.0,2000,2000,2000,row-pattern,0.042542,10
rosko,4,80.000000,2000,2000,2000,row-pattern,0.090253,10
numpy_dense,4,80.0,2000,2000,2000,row-pattern,0.027532,10
rosko,4,90.000000,2000,2000,2000,row-pattern,0.053554,10
numpy_dense,4,90.0,2000,2000,2000,row-pattern,0.016836,10
rosko,4,95.000000,2000,2000,2000,row-pattern,0.033070,10
numpy_dense,4,95.0,2000,2000,2000,row-pattern,0.010105,10
rosko,4,98.000000,2000,2000,2000,row-pattern,0.023043,10
numpy_dense,4,98.0,2000,2000,2000,row-pattern,0.005452,10
rosko,4,99.000000,2000,2000,2000,row-pattern,0.018619,10
numpy_dense,4,99.0,2000,2000,2000,row-pattern,0.002986,10
rosko,4,99.500000,2000,2000,2000,row-pattern,0.016372,10
numpy_dense,4,99.5,2000,2000,2000,row-pattern,0.002779,10
rosko,4,99.699997,2000,2000,2000,row-pattern,0.012514,10
numpy_dense,4,99.7,2000,2000,2000,row-pattern,0.003022,10
rosko,4,99.900002,2000,2000,2000,row-pattern,0.012495,10
numpy_dense,4,99.9,2000,2000,2000,row-pattern,0.002492,10
