algo,p,sp,M,K,N,sppattern,time,n,ntrials
rosko,4,60.000004,2000,2000,2000,row-pattern,0.141317,10
numpy_dense,4,60.0,2000,2000,2000,row-pattern,0.055872,10
rosko,4,70.000000,2000,2000,2000,row-pattern,0.117185,10
numpy_dense,4,70.0,2000,2000,2000,row-pattern,0.042153,10
rosko,4,80.000000,2000,2000,2000,row-pattern,0.082960,10
numpy_dense,4,80.0,2000,2000,2000,row-pattern,0.027757,10
rosko,4,90.000000,2000,2000,2000,row-pattern,0.053934,10
numpy_dense,4,90.0,2000,2000,2000,row-pattern,0.020026,10
rosko,4,95.000000,2000,2000,2000,row-pattern,0.034338,10
numpy_dense,4,95.0,2000,2000,2000,row-pattern,0.008881,10
rosko,4,98.000000,2000,2000,2000,row-pattern,0.022091,10
numpy_dense,4,98.0,2000,2000,2000,row-pattern,0.005406,10
rosko,4,99.000000,2000,2000,2000,row-pattern,0.015292,10
numpy_dense,4,99.0,2000,2000,2000,row-pattern,0.00404,10
rosko,4,99.500000,2000,2000,2000,row-pattern,0.015120,10
numpy_dense,4,99.5,2000,2000,2000,row-pattern,0.003282,10
rosko,4,99.699997,2000,2000,2000,row-pattern,0.014561,10
numpy_dense,4,99.7,2000,2000,2000,row-pattern,0.003064,10
rosko,4,99.900002,2000,2000,2000,row-pattern,0.012937,10
numpy_dense,4,99.9,2000,2000,2000,row-pattern,0.002975,10
