algo,p,sp,M,K,N,sppattern,time,n,ntrials
rosko,4,60.000004,2000,2000,2000,row-pattern,0.138475,10
numpy_dense,4,60.0,2000,2000,2000,row-pattern,0.051633,10
rosko,4,70.000000,2000,2000,2000,row-pattern,0.115134,10
numpy_dense,4,70.0,2000,2000,2000,row-pattern,0.042193,10
rosko,4,80.000000,2000,2000,2000,row-pattern,0.082924,10
numpy_dense,4,80.0,2000,2000,2000,row-pattern,0.027707,10
rosko,4,90.000000,2000,2000,2000,row-pattern,0.053798,10
numpy_dense,4,90.0,2000,2000,2000,row-pattern,0.01777,10
rosko,4,95.000000,2000,2000,2000,row-pattern,0.034633,10
numpy_dense,4,95.0,2000,2000,2000,row-pattern,0.008046,10
rosko,4,98.000000,2000,2000,2000,row-pattern,0.020557,10
numpy_dense,4,98.0,2000,2000,2000,row-pattern,0.004829,10
rosko,4,99.000000,2000,2000,2000,row-pattern,0.018729,10
numpy_dense,4,99.0,2000,2000,2000,row-pattern,0.004056,10
rosko,4,99.500000,2000,2000,2000,row-pattern,0.012040,10
numpy_dense,4,99.5,2000,2000,2000,row-pattern,0.003011,10
rosko,4,99.699997,2000,2000,2000,row-pattern,0.015769,10
numpy_dense,4,99.7,2000,2000,2000,row-pattern,0.002831,10
rosko,4,99.900002,2000,2000,2000,row-pattern,0.012035,10
numpy_dense,4,99.9,2000,2000,2000,row-pattern,0.002891,10
