algo,p,sp,M,K,N,sppattern,time,ntrials
rosko,4,63.960003,2000,2000,2000,diagonal,0.116071,10
numpy_dia,4,60.01,2000,2000,2000,diagonal,2.157259,10
rosko,4,72.207497,2000,2000,2000,diagonal,0.090606,10
numpy_dia,4,70.0,2000,2000,2000,diagonal,1.377346,10
rosko,4,80.955002,2000,2000,2000,diagonal,0.061823,10
numpy_dia,4,79.99,2000,2000,2000,diagonal,0.719397,10
rosko,4,90.202499,2000,2000,2000,diagonal,0.036575,10
numpy_dia,4,90.01,2000,2000,2000,diagonal,0.264077,10
rosko,4,95.013748,2000,2000,2000,diagonal,0.022296,10
numpy_dia,4,94.98,2000,2000,2000,diagonal,0.135775,10
rosko,4,97.960503,2000,2000,2000,diagonal,0.015319,10
numpy_dia,4,97.97,2000,2000,2000,diagonal,0.061158,10
rosko,4,98.952751,2000,2000,2000,diagonal,0.014557,10
numpy_dia,4,98.96,2000,2000,2000,diagonal,0.031979,10
