algo,p,sp,M,K,N,sppattern,time,n,ntrials
rosko,4,60.000004,2000,2000,2000,row-pattern,0.143788,10
numpy_dense,4,60.0,2000,2000,2000,row-pattern,0.049846,10
rosko,4,70.000000,2000,2000,2000,row-pattern,0.118743,10
numpy_dense,4,70.0,2000,2000,2000,row-pattern,0.040229,10
rosko,4,80.000000,2000,2000,2000,row-pattern,0.095001,10
numpy_dense,4,80.0,2000,2000,2000,row-pattern,0.02961,10
rosko,4,90.000000,2000,2000,2000,row-pattern,0.057088,10
numpy_dense,4,90.0,2000,2000,2000,row-pattern,0.018894,10
rosko,4,95.000000,2000,2000,2000,row-pattern,0.035924,10
numpy_dense,4,95.0,2000,2000,2000,row-pattern,0.009595,10
rosko,4,98.000000,2000,2000,2000,row-pattern,0.021104,10
numpy_dense,4,98.0,2000,2000,2000,row-pattern,0.005456,10
rosko,4,99.000000,2000,2000,2000,row-pattern,0.016061,10
numpy_dense,4,99.0,2000,2000,2000,row-pattern,0.004034,10
rosko,4,99.500000,2000,2000,2000,row-pattern,0.013686,10
numpy_dense,4,99.5,2000,2000,2000,row-pattern,0.003372,10
rosko,4,99.699997,2000,2000,2000,row-pattern,0.013314,10
numpy_dense,4,99.7,2000,2000,2000,row-pattern,0.003086,10
rosko,4,99.900002,2000,2000,2000,row-pattern,0.013271,10
numpy_dense,4,99.9,2000,2000,2000,row-pattern,0.003007,10
