algo,p,sp,M,K,N,sppattern,time,ntrials
rosko,4,59.959900,1000,1000,1000,random-uniform,0.027503,10
naive,1,60.029499,1000,1000,1000,random-uniform,1.272886,10
rosko,4,69.947395,1000,1000,1000,random-uniform,0.021297,10
naive,1,69.998100,1000,1000,1000,random-uniform,1.306221,10
rosko,4,80.072906,1000,1000,1000,random-uniform,0.019919,10
naive,1,79.976501,1000,1000,1000,random-uniform,1.282792,10
rosko,4,90.009399,1000,1000,1000,random-uniform,0.007944,10
naive,1,90.065094,1000,1000,1000,random-uniform,1.282350,10
rosko,4,94.978699,1000,1000,1000,random-uniform,0.005414,10
naive,1,94.993904,1000,1000,1000,random-uniform,1.357537,10
rosko,4,98.005302,1000,1000,1000,random-uniform,0.003876,10
naive,1,97.999504,1000,1000,1000,random-uniform,1.277234,10
rosko,4,98.999397,1000,1000,1000,random-uniform,0.003700,10
naive,1,98.994598,1000,1000,1000,random-uniform,1.298216,10
