algo,p,sp,M,K,N,sppattern,time,n,ntrials
rosko,6,59.997559,8192,8192,8192,row-pattern,3.848459,30
numpy_dense,6,60.0,8192,8192,8192,row-pattern,0.784508,30
rosko,6,69.995117,8192,8192,8192,row-pattern,3.336198,30
numpy_dense,6,70.0,8192,8192,8192,row-pattern,0.588344,30
rosko,6,80.004883,8192,8192,8192,row-pattern,2.764855,30
numpy_dense,6,80.0,8192,8192,8192,row-pattern,0.391642,30
rosko,6,90.002441,8192,8192,8192,row-pattern,1.654473,30
numpy_dense,6,90.0,8192,8192,8192,row-pattern,0.203604,30
rosko,6,94.995117,8192,8192,8192,row-pattern,1.179212,30
numpy_dense,6,95.0,8192,8192,8192,row-pattern,0.106798,30
rosko,6,97.998047,8192,8192,8192,row-pattern,0.649434,30
numpy_dense,6,98.0,8192,8192,8192,row-pattern,0.050692,30
rosko,6,98.999023,8192,8192,8192,row-pattern,0.496648,30
numpy_dense,6,99.0,8192,8192,8192,row-pattern,0.025137,30
rosko,6,99.499512,8192,8192,8192,row-pattern,0.384951,30
numpy_dense,6,99.5,8192,8192,8192,row-pattern,0.030878,30
rosko,6,99.694824,8192,8192,8192,row-pattern,0.364678,30
numpy_dense,6,99.69,8192,8192,8192,row-pattern,0.012326,30
rosko,6,99.902344,8192,8192,8192,row-pattern,0.316524,30
numpy_dense,6,99.9,8192,8192,8192,row-pattern,0.011592,30
rosko_base,6,60.000000,8192,8192,8192,random-uniform,7.545476,30
rosko_base,6,70.000000,8192,8192,8192,random-uniform,6.370144,30
rosko_base,6,80.000000,8192,8192,8192,random-uniform,4.408982,30
rosko_base,6,90.000000,8192,8192,8192,random-uniform,1.639244,30
rosko_base,6,95.000000,8192,8192,8192,random-uniform,0.614325,30
rosko_base,6,98.000000,8192,8192,8192,random-uniform,0.364464,30
rosko_base,6,99.000000,8192,8192,8192,random-uniform,0.304153,30
rosko_base,6,99.500000,8192,8192,8192,random-uniform,0.305676,30
rosko_base,6,99.699997,8192,8192,8192,random-uniform,0.339644,30
rosko_base,6,99.900002,8192,8192,8192,random-uniform,0.303601,30
