algo,p,sp,N,rosko-time,outer-time,ntrials, measured
rosko,1,80.000000,4000,2.952821,2.957804,10,all
rosko,2,80.000000,4000,1.428579,1.434842,10,all
rosko,3,80.000000,4000,0.905819,0.912109,10,all
rosko,4,80.000000,4000,0.657548,0.663967,10,all
rosko,5,80.000000,4000,0.933055,0.939514,10,all
rosko,10,80.000000,4000,0.685145,0.691492,10,all
rosko,14,80.000000,4000,0.580355,0.587401,10,all
rosko,20,80.000000,4000,0.551895,0.558864,10,all
rosko,40,80.000000,4000,0.539201,0.546344,10,all
rosko,50,80.000000,4000,0.548825,0.556428,10,all
rosko,75,80.000000,4000,0.597067,0.605042,10,all
rosko,100,80.000000,4000,0.620157,0.627587,10,all
rosko,125,80.000000,4000,0.655711,0.661186,10,all
rosko,150,80.000000,4000,0.649870,0.655489,10,all
rosko,175,80.000000,4000,0.663735,0.670795,10,all
rosko,200,80.000000,4000,0.671900,0.679375,10,all
rosko,225,80.000000,4000,0.786565,0.794565,10,all
rosko,1000,80.000000,4000,1.267758,1.273412,10,all
rosko,10000,80.000000,4000,2.299462,2.305907,10,all
rosko,1,80.000000,4000,3.010746,3.016019,10,packing
rosko,2,80.000000,4000,1.422782,1.429977,10,packing
rosko,3,80.000000,4000,0.953766,0.960315,10,packing
rosko,4,80.000000,4000,0.722715,0.729970,10,packing
rosko,5,80.000000,4000,0.947267,0.954911,10,packing
rosko,10,80.000000,4000,0.728604,0.736129,10,packing
rosko,14,80.000000,4000,0.580564,0.588130,10,packing
rosko,20,80.000000,4000,0.554652,0.561912,10,packing
rosko,40,80.000000,4000,0.540347,0.547509,10,packing
rosko,50,80.000000,4000,0.543379,0.551166,10,packing
rosko,75,80.000000,4000,0.559325,0.566907,10,packing
rosko,100,80.000000,4000,0.621505,0.629163,10,packing
rosko,125,80.000000,4000,0.657640,0.663317,10,packing
rosko,150,80.000000,4000,0.656357,0.662328,10,packing
rosko,175,80.000000,4000,0.676062,0.683110,10,packing
rosko,200,80.000000,4000,0.685005,0.692399,10,packing
rosko,225,80.000000,4000,0.716532,0.724206,10,packing
rosko,1000,80.000000,4000,1.295078,1.301137,10,packing
rosko,10000,80.000000,4000,2.358643,2.364348,10,packing
rosko,1,80.000000,4000,2.885128,3.005431,10,mm
rosko,2,80.000000,4000,1.376309,1.442341,10,mm
rosko,3,80.000000,4000,0.908670,0.957713,10,mm
rosko,4,80.000000,4000,0.694980,0.735199,10,mm
rosko,5,80.000000,4000,0.915208,0.958176,10,mm
rosko,10,80.000000,4000,0.645228,0.688503,10,mm
rosko,14,80.000000,4000,0.595696,0.636415,10,mm
rosko,20,80.000000,4000,0.534191,0.572868,10,mm
rosko,40,80.000000,4000,0.504899,0.544184,10,mm
rosko,50,80.000000,4000,0.520642,0.560480,10,mm
rosko,75,80.000000,4000,0.578604,0.626499,10,mm
rosko,100,80.000000,4000,0.591907,0.640499,10,mm
rosko,125,80.000000,4000,0.663890,0.736786,10,mm
rosko,150,80.000000,4000,0.635605,0.694061,10,mm
rosko,175,80.000000,4000,0.698243,0.759433,10,mm
rosko,200,80.000000,4000,0.648330,0.708631,10,mm
rosko,225,80.000000,4000,0.764688,0.829078,10,mm
rosko,1000,80.000000,4000,1.241660,1.315024,10,mm
rosko,10000,80.000000,4000,1.892998,2.305904,10,mm
