algo,p,sp,N,rosko-time,outer-time,ntrials, measured
rosko,1,80.000000,1000,0.053450,0.053456,10,all
rosko,2,80.000000,1000,0.027005,0.027011,10,all
rosko,3,80.000000,1000,0.017937,0.017945,10,all
rosko,4,80.000000,1000,0.015717,0.015725,10,all
rosko,5,80.000000,1000,0.018364,0.018372,10,all
rosko,10,80.000000,1000,0.014123,0.014131,10,all
rosko,14,80.000000,1000,0.015745,0.015755,10,all
rosko,20,80.000000,1000,0.012567,0.012575,10,all
rosko,40,80.000000,1000,0.012255,0.012267,10,all
rosko,50,80.000000,1000,0.012389,0.012397,10,all
rosko,75,80.000000,1000,0.013017,0.013027,10,all
rosko,100,80.000000,1000,0.013759,0.013768,10,all
rosko,125,80.000000,1000,0.018007,0.018018,10,all
rosko,150,80.000000,1000,0.019025,0.019035,10,all
rosko,175,80.000000,1000,0.016363,0.016379,10,all
rosko,200,80.000000,1000,0.017000,0.017022,10,all
rosko,225,80.000000,1000,0.017999,0.018012,10,all
rosko,250,80.000000,1000,0.019703,0.019716,10,all
rosko,275,80.000000,1000,0.020991,0.021002,10,all
rosko,300,80.000000,1000,0.021893,0.021908,10,all
rosko,350,80.000000,1000,0.025115,0.025127,10,all
rosko,600,80.000000,1000,0.040930,0.040942,10,all
rosko,1000,80.000000,1000,0.085898,0.085911,10,all
rosko,10000,80.000000,1000,0.787285,0.787303,10,all
rosko,1,80.000000,1000,0.052514,0.052540,10,packing
rosko,2,80.000000,1000,0.026378,0.026410,10,packing
rosko,3,80.000000,1000,0.017197,0.017237,10,packing
rosko,4,80.000000,1000,0.013214,0.013244,10,packing
rosko,5,80.000000,1000,0.017885,0.017922,10,packing
rosko,10,80.000000,1000,0.013709,0.013745,10,packing
rosko,14,80.000000,1000,0.012247,0.012283,10,packing
rosko,20,80.000000,1000,0.012493,0.012533,10,packing
rosko,40,80.000000,1000,0.012461,0.012508,10,packing
rosko,50,80.000000,1000,0.012655,0.012696,10,packing
rosko,75,80.000000,1000,0.013365,0.013414,10,packing
rosko,100,80.000000,1000,0.013538,0.013589,10,packing
rosko,125,80.000000,1000,0.017735,0.017775,10,packing
rosko,150,80.000000,1000,0.019795,0.019841,10,packing
rosko,175,80.000000,1000,0.016441,0.016489,10,packing
rosko,200,80.000000,1000,0.017417,0.017455,10,packing
rosko,225,80.000000,1000,0.018127,0.018171,10,packing
rosko,250,80.000000,1000,0.019576,0.019628,10,packing
rosko,275,80.000000,1000,0.021113,0.021160,10,packing
rosko,300,80.000000,1000,0.021607,0.021668,10,packing
rosko,350,80.000000,1000,0.024415,0.024465,10,packing
rosko,600,80.000000,1000,0.040961,0.041003,10,packing
rosko,1000,80.000000,1000,0.087007,0.087050,10,packing
rosko,10000,80.000000,1000,0.772967,0.773016,10,packing
rosko,1,80.000000,1000,0.047165,0.052942,10,mm
rosko,2,80.000000,1000,0.022885,0.026231,10,mm
rosko,3,80.000000,1000,0.015130,0.017606,10,mm
rosko,4,80.000000,1000,0.011031,0.012877,10,mm
rosko,5,80.000000,1000,0.015611,0.017676,10,mm
rosko,10,80.000000,1000,0.011504,0.013787,10,mm
rosko,14,80.000000,1000,0.010565,0.012455,10,mm
rosko,20,80.000000,1000,0.009809,0.011734,10,mm
rosko,40,80.000000,1000,0.011305,0.013922,10,mm
rosko,50,80.000000,1000,0.010687,0.013074,10,mm
rosko,75,80.000000,1000,0.011207,0.013760,10,mm
rosko,100,80.000000,1000,0.011341,0.014250,10,mm
rosko,125,80.000000,1000,0.013203,0.017565,10,mm
rosko,150,80.000000,1000,0.014492,0.019649,10,mm
rosko,175,80.000000,1000,0.013027,0.016695,10,mm
rosko,200,80.000000,1000,0.013656,0.017659,10,mm
rosko,225,80.000000,1000,0.015406,0.020526,10,mm
rosko,250,80.000000,1000,0.018398,0.024720,10,mm
rosko,275,80.000000,1000,0.020203,0.029229,10,mm
rosko,300,80.000000,1000,0.016942,0.022301,10,mm
rosko,350,80.000000,1000,0.022185,0.030015,10,mm
rosko,600,80.000000,1000,0.032561,0.041600,10,mm
rosko,1000,80.000000,1000,0.071685,0.085260,10,mm
rosko,10000,80.000000,1000,0.655997,0.772370,10,mm
