algo,p,sp,M,K,N,sppattern,rosko-time,outer-time,ntrials,measure
rosko,4,60.000000,2560,2560,2560,random-uniform,0.308141,0.334789,15,mm
rosko,4,60.000000,2560,2560,2560,diagonal,0.188000,0.203780,15,mm
rosko,4,60.000000,2560,2560,2560,row-pattern,0.236636,0.255615,15,mm
rosko,4,60.000000,2560,2560,2560,column-pattern,0.224382,0.250864,15,mm
rosko,5,60.000000,2560,2560,2560,random-uniform,0.363557,0.399074,15,mm
rosko,5,60.000000,2560,2560,2560,diagonal,0.211185,0.228972,15,mm
rosko,5,60.000000,2560,2560,2560,row-pattern,0.268503,0.291245,15,mm
rosko,5,60.000000,2560,2560,2560,column-pattern,0.241501,0.264741,15,mm
rosko,6,60.000000,2560,2560,2560,random-uniform,0.339443,0.373574,15,mm
rosko,6,60.000000,2560,2560,2560,diagonal,0.195458,0.212001,15,mm
rosko,6,60.000000,2560,2560,2560,row-pattern,0.239542,0.260161,15,mm
rosko,6,60.000000,2560,2560,2560,column-pattern,0.209067,0.229533,15,mm
rosko,7,60.000000,2560,2560,2560,random-uniform,0.304314,0.332853,15,mm
rosko,7,60.000000,2560,2560,2560,diagonal,0.187506,0.203748,15,mm
rosko,7,60.000000,2560,2560,2560,row-pattern,0.233201,0.253077,15,mm
rosko,7,60.000000,2560,2560,2560,column-pattern,0.208212,0.227961,15,mm
rosko,8,60.000000,2560,2560,2560,random-uniform,0.295182,0.323294,15,mm
rosko,8,60.000000,2560,2560,2560,diagonal,0.188338,0.204439,15,mm
rosko,8,60.000000,2560,2560,2560,row-pattern,0.235017,0.254310,15,mm
rosko,8,60.000000,2560,2560,2560,column-pattern,0.207260,0.227557,15,mm
rosko,9,60.000000,2560,2560,2560,random-uniform,0.294506,0.325535,15,mm
rosko,9,60.000000,2560,2560,2560,diagonal,0.186676,0.202638,15,mm
rosko,9,60.000000,2560,2560,2560,row-pattern,0.237463,0.257849,15,mm
rosko,9,60.000000,2560,2560,2560,column-pattern,0.211514,0.232280,15,mm
rosko,10,60.000000,2560,2560,2560,random-uniform,0.280128,0.309166,15,mm
rosko,10,60.000000,2560,2560,2560,diagonal,0.185816,0.201673,15,mm
rosko,10,60.000000,2560,2560,2560,row-pattern,0.235478,0.255802,15,mm
rosko,10,60.000000,2560,2560,2560,column-pattern,0.203895,0.224083,15,mm
rosko,12,60.000000,2560,2560,2560,random-uniform,0.269096,0.295396,15,mm
rosko,12,60.000000,2560,2560,2560,diagonal,0.185618,0.201559,15,mm
rosko,12,60.000000,2560,2560,2560,row-pattern,0.232324,0.251807,15,mm
rosko,12,60.000000,2560,2560,2560,column-pattern,0.207366,0.227047,15,mm
rosko,14,60.000000,2560,2560,2560,random-uniform,0.261721,0.290366,15,mm
rosko,14,60.000000,2560,2560,2560,diagonal,0.182743,0.198376,15,mm
rosko,14,60.000000,2560,2560,2560,row-pattern,0.236210,0.255507,15,mm
rosko,14,60.000000,2560,2560,2560,column-pattern,0.207305,0.226993,15,mm
rosko,16,60.000000,2560,2560,2560,random-uniform,0.252419,0.278594,15,mm
rosko,16,60.000000,2560,2560,2560,diagonal,0.182345,0.197866,15,mm
rosko,16,60.000000,2560,2560,2560,row-pattern,0.235251,0.254477,15,mm
rosko,16,60.000000,2560,2560,2560,column-pattern,0.207665,0.227328,15,mm
rosko,18,60.000000,2560,2560,2560,random-uniform,0.248240,0.275913,15,mm
rosko,18,60.000000,2560,2560,2560,diagonal,0.181998,0.197842,15,mm
rosko,18,60.000000,2560,2560,2560,row-pattern,0.233031,0.252022,15,mm
rosko,18,60.000000,2560,2560,2560,column-pattern,0.207820,0.227118,15,mm
rosko,20,60.000000,2560,2560,2560,random-uniform,0.247750,0.274635,15,mm
rosko,20,60.000000,2560,2560,2560,diagonal,0.180370,0.195669,15,mm
rosko,20,60.000000,2560,2560,2560,row-pattern,0.231931,0.251072,15,mm
rosko,20,60.000000,2560,2560,2560,column-pattern,0.207830,0.227006,15,mm
rosko,25,60.000000,2560,2560,2560,random-uniform,0.239621,0.266808,15,mm
rosko,25,60.000000,2560,2560,2560,diagonal,0.182212,0.198098,15,mm
rosko,25,60.000000,2560,2560,2560,row-pattern,0.234629,0.253345,15,mm
rosko,25,60.000000,2560,2560,2560,column-pattern,0.209216,0.228501,15,mm
rosko,30,60.000000,2560,2560,2560,random-uniform,0.240656,0.269431,15,mm
rosko,30,60.000000,2560,2560,2560,diagonal,0.182096,0.198848,15,mm
rosko,30,60.000000,2560,2560,2560,row-pattern,0.237734,0.258114,15,mm
rosko,30,60.000000,2560,2560,2560,column-pattern,0.218858,0.239295,15,mm
rosko,35,60.000000,2560,2560,2560,random-uniform,0.239474,0.268139,15,mm
rosko,35,60.000000,2560,2560,2560,diagonal,0.180008,0.196816,15,mm
rosko,35,60.000000,2560,2560,2560,row-pattern,0.238804,0.259284,15,mm
rosko,35,60.000000,2560,2560,2560,column-pattern,0.221592,0.242644,15,mm
rosko,40,60.000000,2560,2560,2560,random-uniform,0.242879,0.271560,15,mm
rosko,40,60.000000,2560,2560,2560,diagonal,0.181398,0.198927,15,mm
rosko,40,60.000000,2560,2560,2560,row-pattern,0.244146,0.265297,15,mm
rosko,40,60.000000,2560,2560,2560,column-pattern,0.232476,0.253583,15,mm
rosko,50,60.000000,2560,2560,2560,random-uniform,0.246575,0.276865,15,mm
rosko,50,60.000000,2560,2560,2560,diagonal,0.182055,0.200509,15,mm
rosko,50,60.000000,2560,2560,2560,row-pattern,0.245951,0.267753,15,mm
rosko,50,60.000000,2560,2560,2560,column-pattern,0.244135,0.266133,15,mm
rosko,75,60.000000,2560,2560,2560,random-uniform,0.254345,0.284296,15,mm
rosko,75,60.000000,2560,2560,2560,diagonal,0.185707,0.203612,15,mm
rosko,75,60.000000,2560,2560,2560,row-pattern,0.257128,0.278828,15,mm
rosko,75,60.000000,2560,2560,2560,column-pattern,0.255085,0.277042,15,mm
rosko,100,60.000000,2560,2560,2560,random-uniform,0.273759,0.309389,15,mm
rosko,100,60.000000,2560,2560,2560,diagonal,0.188757,0.211698,15,mm
rosko,100,60.000000,2560,2560,2560,row-pattern,0.274873,0.302031,15,mm
rosko,100,60.000000,2560,2560,2560,column-pattern,0.299814,0.326994,15,mm
rosko,125,60.000000,2560,2560,2560,random-uniform,0.275892,0.317971,15,mm
rosko,125,60.000000,2560,2560,2560,diagonal,0.192775,0.223116,15,mm
rosko,125,60.000000,2560,2560,2560,row-pattern,0.270219,0.303751,15,mm
rosko,125,60.000000,2560,2560,2560,column-pattern,0.281423,0.315352,15,mm
rosko,150,60.000000,2560,2560,2560,random-uniform,0.291786,0.331096,15,mm
rosko,150,60.000000,2560,2560,2560,diagonal,0.190353,0.218148,15,mm
rosko,150,60.000000,2560,2560,2560,row-pattern,0.287146,0.318412,15,mm
rosko,150,60.000000,2560,2560,2560,column-pattern,0.334148,0.365775,15,mm
rosko,175,60.000000,2560,2560,2560,random-uniform,0.304200,0.346922,15,mm
rosko,175,60.000000,2560,2560,2560,diagonal,0.195014,0.225928,15,mm
rosko,175,60.000000,2560,2560,2560,row-pattern,0.298017,0.332975,15,mm
rosko,175,60.000000,2560,2560,2560,column-pattern,0.359527,0.393856,15,mm
rosko,200,60.000000,2560,2560,2560,random-uniform,0.323384,0.369910,15,mm
rosko,200,60.000000,2560,2560,2560,diagonal,0.201497,0.234274,15,mm
rosko,200,60.000000,2560,2560,2560,row-pattern,0.323975,0.361851,15,mm
rosko,200,60.000000,2560,2560,2560,column-pattern,0.407071,0.445000,15,mm
rosko,4,70.000000,2560,2560,2560,random-uniform,0.259514,0.283586,15,mm
rosko,4,70.000000,2560,2560,2560,diagonal,0.146964,0.160603,15,mm
rosko,4,70.000000,2560,2560,2560,row-pattern,0.189518,0.206490,15,mm
rosko,4,70.000000,2560,2560,2560,column-pattern,0.156719,0.174200,15,mm
rosko,5,70.000000,2560,2560,2560,random-uniform,0.305504,0.336010,15,mm
rosko,5,70.000000,2560,2560,2560,diagonal,0.169455,0.185321,15,mm
rosko,5,70.000000,2560,2560,2560,row-pattern,0.227868,0.248747,15,mm
rosko,5,70.000000,2560,2560,2560,column-pattern,0.193697,0.215702,15,mm
rosko,6,70.000000,2560,2560,2560,random-uniform,0.258470,0.285364,15,mm
rosko,6,70.000000,2560,2560,2560,diagonal,0.156288,0.171831,15,mm
rosko,6,70.000000,2560,2560,2560,row-pattern,0.199891,0.218702,15,mm
rosko,6,70.000000,2560,2560,2560,column-pattern,0.165974,0.186033,15,mm
rosko,7,70.000000,2560,2560,2560,random-uniform,0.253333,0.277614,15,mm
rosko,7,70.000000,2560,2560,2560,diagonal,0.152334,0.167231,15,mm
rosko,7,70.000000,2560,2560,2560,row-pattern,0.198842,0.216644,15,mm
rosko,7,70.000000,2560,2560,2560,column-pattern,0.167568,0.186207,15,mm
rosko,8,70.000000,2560,2560,2560,random-uniform,0.247540,0.272076,15,mm
rosko,8,70.000000,2560,2560,2560,diagonal,0.150428,0.165335,15,mm
rosko,8,70.000000,2560,2560,2560,row-pattern,0.195170,0.213256,15,mm
rosko,8,70.000000,2560,2560,2560,column-pattern,0.161938,0.180190,15,mm
rosko,9,70.000000,2560,2560,2560,random-uniform,0.249460,0.276525,15,mm
rosko,9,70.000000,2560,2560,2560,diagonal,0.150383,0.164929,15,mm
rosko,9,70.000000,2560,2560,2560,row-pattern,0.199192,0.218039,15,mm
rosko,9,70.000000,2560,2560,2560,column-pattern,0.167816,0.187412,15,mm
rosko,10,70.000000,2560,2560,2560,random-uniform,0.240642,0.265981,15,mm
rosko,10,70.000000,2560,2560,2560,diagonal,0.148412,0.162928,15,mm
rosko,10,70.000000,2560,2560,2560,row-pattern,0.196089,0.214528,15,mm
rosko,10,70.000000,2560,2560,2560,column-pattern,0.163572,0.182541,15,mm
rosko,12,70.000000,2560,2560,2560,random-uniform,0.232118,0.255557,15,mm
rosko,12,70.000000,2560,2560,2560,diagonal,0.147766,0.162088,15,mm
rosko,12,70.000000,2560,2560,2560,row-pattern,0.195263,0.212987,15,mm
rosko,12,70.000000,2560,2560,2560,column-pattern,0.164968,0.183210,15,mm
rosko,14,70.000000,2560,2560,2560,random-uniform,0.226580,0.251586,15,mm
rosko,14,70.000000,2560,2560,2560,diagonal,0.148542,0.162929,15,mm
rosko,14,70.000000,2560,2560,2560,row-pattern,0.199105,0.216826,15,mm
rosko,14,70.000000,2560,2560,2560,column-pattern,0.165865,0.184142,15,mm
rosko,16,70.000000,2560,2560,2560,random-uniform,0.216710,0.239722,15,mm
rosko,16,70.000000,2560,2560,2560,diagonal,0.147768,0.161929,15,mm
rosko,16,70.000000,2560,2560,2560,row-pattern,0.198819,0.216772,15,mm
rosko,16,70.000000,2560,2560,2560,column-pattern,0.165524,0.184269,15,mm
rosko,18,70.000000,2560,2560,2560,random-uniform,0.212811,0.237302,15,mm
rosko,18,70.000000,2560,2560,2560,diagonal,0.146621,0.160961,15,mm
rosko,18,70.000000,2560,2560,2560,row-pattern,0.197856,0.215976,15,mm
rosko,18,70.000000,2560,2560,2560,column-pattern,0.167213,0.185382,15,mm
rosko,20,70.000000,2560,2560,2560,random-uniform,0.210212,0.233547,15,mm
rosko,20,70.000000,2560,2560,2560,diagonal,0.147226,0.161672,15,mm
rosko,20,70.000000,2560,2560,2560,row-pattern,0.195484,0.212731,15,mm
rosko,20,70.000000,2560,2560,2560,column-pattern,0.165393,0.183507,15,mm
rosko,25,70.000000,2560,2560,2560,random-uniform,0.204542,0.228506,15,mm
rosko,25,70.000000,2560,2560,2560,diagonal,0.147864,0.162250,15,mm
rosko,25,70.000000,2560,2560,2560,row-pattern,0.199375,0.217231,15,mm
rosko,25,70.000000,2560,2560,2560,column-pattern,0.169534,0.187580,15,mm
rosko,30,70.000000,2560,2560,2560,random-uniform,0.204603,0.229647,15,mm
rosko,30,70.000000,2560,2560,2560,diagonal,0.146561,0.162178,15,mm
rosko,30,70.000000,2560,2560,2560,row-pattern,0.203229,0.221812,15,mm
rosko,30,70.000000,2560,2560,2560,column-pattern,0.173109,0.192160,15,mm
rosko,35,70.000000,2560,2560,2560,random-uniform,0.206292,0.231372,15,mm
rosko,35,70.000000,2560,2560,2560,diagonal,0.146708,0.162263,15,mm
rosko,35,70.000000,2560,2560,2560,row-pattern,0.202703,0.221615,15,mm
rosko,35,70.000000,2560,2560,2560,column-pattern,0.178062,0.197297,15,mm
rosko,40,70.000000,2560,2560,2560,random-uniform,0.211324,0.236821,15,mm
rosko,40,70.000000,2560,2560,2560,diagonal,0.147955,0.163932,15,mm
rosko,40,70.000000,2560,2560,2560,row-pattern,0.210011,0.229250,15,mm
rosko,40,70.000000,2560,2560,2560,column-pattern,0.189955,0.209599,15,mm
rosko,50,70.000000,2560,2560,2560,random-uniform,0.215717,0.242260,15,mm
rosko,50,70.000000,2560,2560,2560,diagonal,0.149125,0.165782,15,mm
rosko,50,70.000000,2560,2560,2560,row-pattern,0.214824,0.235027,15,mm
rosko,50,70.000000,2560,2560,2560,column-pattern,0.202739,0.223154,15,mm
rosko,75,70.000000,2560,2560,2560,random-uniform,0.223328,0.250007,15,mm
rosko,75,70.000000,2560,2560,2560,diagonal,0.150712,0.167241,15,mm
rosko,75,70.000000,2560,2560,2560,row-pattern,0.221641,0.241805,15,mm
rosko,75,70.000000,2560,2560,2560,column-pattern,0.215960,0.236797,15,mm
rosko,100,70.000000,2560,2560,2560,random-uniform,0.243533,0.275587,15,mm
rosko,100,70.000000,2560,2560,2560,diagonal,0.153260,0.174357,15,mm
rosko,100,70.000000,2560,2560,2560,row-pattern,0.239749,0.264701,15,mm
rosko,100,70.000000,2560,2560,2560,column-pattern,0.246733,0.272135,15,mm
rosko,125,70.000000,2560,2560,2560,random-uniform,0.241844,0.279501,15,mm
rosko,125,70.000000,2560,2560,2560,diagonal,0.159124,0.187195,15,mm
rosko,125,70.000000,2560,2560,2560,row-pattern,0.230618,0.261810,15,mm
rosko,125,70.000000,2560,2560,2560,column-pattern,0.210315,0.242153,15,mm
rosko,150,70.000000,2560,2560,2560,random-uniform,0.261876,0.297301,15,mm
rosko,150,70.000000,2560,2560,2560,diagonal,0.156449,0.182363,15,mm
rosko,150,70.000000,2560,2560,2560,row-pattern,0.247656,0.277733,15,mm
rosko,150,70.000000,2560,2560,2560,column-pattern,0.247484,0.277058,15,mm
rosko,175,70.000000,2560,2560,2560,random-uniform,0.273634,0.312139,15,mm
rosko,175,70.000000,2560,2560,2560,diagonal,0.159122,0.187806,15,mm
rosko,175,70.000000,2560,2560,2560,row-pattern,0.253879,0.285842,15,mm
rosko,175,70.000000,2560,2560,2560,column-pattern,0.282184,0.314721,15,mm
rosko,200,70.000000,2560,2560,2560,random-uniform,0.296543,0.338410,15,mm
rosko,200,70.000000,2560,2560,2560,diagonal,0.165357,0.196209,15,mm
rosko,200,70.000000,2560,2560,2560,row-pattern,0.278830,0.314281,15,mm
rosko,200,70.000000,2560,2560,2560,column-pattern,0.341522,0.376542,15,mm
rosko,4,80.000000,2560,2560,2560,random-uniform,0.176417,0.195774,15,mm
rosko,4,80.000000,2560,2560,2560,diagonal,0.105083,0.118855,15,mm
rosko,4,80.000000,2560,2560,2560,row-pattern,0.150527,0.166004,15,mm
rosko,4,80.000000,2560,2560,2560,column-pattern,0.111636,0.127612,15,mm
rosko,5,80.000000,2560,2560,2560,random-uniform,0.210253,0.235074,15,mm
rosko,5,80.000000,2560,2560,2560,diagonal,0.125600,0.139787,15,mm
rosko,5,80.000000,2560,2560,2560,row-pattern,0.173236,0.191305,15,mm
rosko,5,80.000000,2560,2560,2560,column-pattern,0.134943,0.154558,15,mm
rosko,6,80.000000,2560,2560,2560,random-uniform,0.179480,0.201680,15,mm
rosko,6,80.000000,2560,2560,2560,diagonal,0.112313,0.126068,15,mm
rosko,6,80.000000,2560,2560,2560,row-pattern,0.162411,0.179644,15,mm
rosko,6,80.000000,2560,2560,2560,column-pattern,0.119270,0.137000,15,mm
rosko,7,80.000000,2560,2560,2560,random-uniform,0.171210,0.191402,15,mm
rosko,7,80.000000,2560,2560,2560,diagonal,0.109297,0.122401,15,mm
rosko,7,80.000000,2560,2560,2560,row-pattern,0.155511,0.171630,15,mm
rosko,7,80.000000,2560,2560,2560,column-pattern,0.115507,0.132484,15,mm
rosko,8,80.000000,2560,2560,2560,random-uniform,0.167226,0.186774,15,mm
rosko,8,80.000000,2560,2560,2560,diagonal,0.108106,0.120985,15,mm
rosko,8,80.000000,2560,2560,2560,row-pattern,0.153013,0.169119,15,mm
rosko,8,80.000000,2560,2560,2560,column-pattern,0.114113,0.130208,15,mm
rosko,9,80.000000,2560,2560,2560,random-uniform,0.166345,0.188253,15,mm
rosko,9,80.000000,2560,2560,2560,diagonal,0.109491,0.122862,15,mm
rosko,9,80.000000,2560,2560,2560,row-pattern,0.151994,0.168120,15,mm
rosko,9,80.000000,2560,2560,2560,column-pattern,0.119153,0.136574,15,mm
rosko,10,80.000000,2560,2560,2560,random-uniform,0.161086,0.181826,15,mm
rosko,10,80.000000,2560,2560,2560,diagonal,0.108587,0.121748,15,mm
rosko,10,80.000000,2560,2560,2560,row-pattern,0.151320,0.167060,15,mm
rosko,10,80.000000,2560,2560,2560,column-pattern,0.116469,0.133035,15,mm
rosko,12,80.000000,2560,2560,2560,random-uniform,0.154868,0.174172,15,mm
rosko,12,80.000000,2560,2560,2560,diagonal,0.107355,0.120692,15,mm
rosko,12,80.000000,2560,2560,2560,row-pattern,0.154675,0.170463,15,mm
rosko,12,80.000000,2560,2560,2560,column-pattern,0.116791,0.133175,15,mm
rosko,14,80.000000,2560,2560,2560,random-uniform,0.153384,0.173781,15,mm
rosko,14,80.000000,2560,2560,2560,diagonal,0.109993,0.122822,15,mm
rosko,14,80.000000,2560,2560,2560,row-pattern,0.159997,0.175742,15,mm
rosko,14,80.000000,2560,2560,2560,column-pattern,0.116794,0.133066,15,mm
rosko,16,80.000000,2560,2560,2560,random-uniform,0.151096,0.170705,15,mm
rosko,16,80.000000,2560,2560,2560,diagonal,0.107109,0.119638,15,mm
rosko,16,80.000000,2560,2560,2560,row-pattern,0.150940,0.166475,15,mm
rosko,16,80.000000,2560,2560,2560,column-pattern,0.117894,0.134046,15,mm
rosko,18,80.000000,2560,2560,2560,random-uniform,0.152175,0.172625,15,mm
rosko,18,80.000000,2560,2560,2560,diagonal,0.107993,0.121025,15,mm
rosko,18,80.000000,2560,2560,2560,row-pattern,0.154767,0.170056,15,mm
rosko,18,80.000000,2560,2560,2560,column-pattern,0.119257,0.135711,15,mm
rosko,20,80.000000,2560,2560,2560,random-uniform,0.150147,0.169579,15,mm
rosko,20,80.000000,2560,2560,2560,diagonal,0.107147,0.120036,15,mm
rosko,20,80.000000,2560,2560,2560,row-pattern,0.154946,0.170630,15,mm
rosko,20,80.000000,2560,2560,2560,column-pattern,0.118472,0.134751,15,mm
rosko,25,80.000000,2560,2560,2560,random-uniform,0.152302,0.172261,15,mm
rosko,25,80.000000,2560,2560,2560,diagonal,0.106825,0.119723,15,mm
rosko,25,80.000000,2560,2560,2560,row-pattern,0.157868,0.173717,15,mm
rosko,25,80.000000,2560,2560,2560,column-pattern,0.118677,0.135058,15,mm
rosko,30,80.000000,2560,2560,2560,random-uniform,0.157484,0.178078,15,mm
rosko,30,80.000000,2560,2560,2560,diagonal,0.108603,0.122576,15,mm
rosko,30,80.000000,2560,2560,2560,row-pattern,0.161928,0.178394,15,mm
rosko,30,80.000000,2560,2560,2560,column-pattern,0.125700,0.142604,15,mm
rosko,35,80.000000,2560,2560,2560,random-uniform,0.160128,0.180762,15,mm
rosko,35,80.000000,2560,2560,2560,diagonal,0.110063,0.124160,15,mm
rosko,35,80.000000,2560,2560,2560,row-pattern,0.163665,0.180137,15,mm
rosko,35,80.000000,2560,2560,2560,column-pattern,0.130731,0.147700,15,mm
rosko,40,80.000000,2560,2560,2560,random-uniform,0.167648,0.189126,15,mm
rosko,40,80.000000,2560,2560,2560,diagonal,0.109894,0.124273,15,mm
rosko,40,80.000000,2560,2560,2560,row-pattern,0.167255,0.183578,15,mm
rosko,40,80.000000,2560,2560,2560,column-pattern,0.133600,0.151341,15,mm
rosko,50,80.000000,2560,2560,2560,random-uniform,0.175590,0.197537,15,mm
rosko,50,80.000000,2560,2560,2560,diagonal,0.115387,0.130871,15,mm
rosko,50,80.000000,2560,2560,2560,row-pattern,0.176741,0.194263,15,mm
rosko,50,80.000000,2560,2560,2560,column-pattern,0.140050,0.158872,15,mm
rosko,75,80.000000,2560,2560,2560,random-uniform,0.181783,0.203682,15,mm
rosko,75,80.000000,2560,2560,2560,diagonal,0.111154,0.126143,15,mm
rosko,75,80.000000,2560,2560,2560,row-pattern,0.183701,0.201189,15,mm
rosko,75,80.000000,2560,2560,2560,column-pattern,0.145810,0.164187,15,mm
rosko,100,80.000000,2560,2560,2560,random-uniform,0.205580,0.231217,15,mm
rosko,100,80.000000,2560,2560,2560,diagonal,0.113449,0.131814,15,mm
rosko,100,80.000000,2560,2560,2560,row-pattern,0.200868,0.222390,15,mm
rosko,100,80.000000,2560,2560,2560,column-pattern,0.151957,0.173757,15,mm
rosko,125,80.000000,2560,2560,2560,random-uniform,0.202517,0.233621,15,mm
rosko,125,80.000000,2560,2560,2560,diagonal,0.119684,0.143857,15,mm
rosko,125,80.000000,2560,2560,2560,row-pattern,0.186385,0.212750,15,mm
rosko,125,80.000000,2560,2560,2560,column-pattern,0.137666,0.164939,15,mm
rosko,150,80.000000,2560,2560,2560,random-uniform,0.231206,0.259814,15,mm
rosko,150,80.000000,2560,2560,2560,diagonal,0.116020,0.138031,15,mm
rosko,150,80.000000,2560,2560,2560,row-pattern,0.195338,0.219696,15,mm
rosko,150,80.000000,2560,2560,2560,column-pattern,0.135650,0.161205,15,mm
rosko,175,80.000000,2560,2560,2560,random-uniform,0.245246,0.276608,15,mm
rosko,175,80.000000,2560,2560,2560,diagonal,0.119509,0.143891,15,mm
rosko,175,80.000000,2560,2560,2560,row-pattern,0.205449,0.232477,15,mm
rosko,175,80.000000,2560,2560,2560,column-pattern,0.152012,0.179648,15,mm
rosko,200,80.000000,2560,2560,2560,random-uniform,0.271935,0.306525,15,mm
rosko,200,80.000000,2560,2560,2560,diagonal,0.124422,0.150218,15,mm
rosko,200,80.000000,2560,2560,2560,row-pattern,0.215179,0.244132,15,mm
rosko,200,80.000000,2560,2560,2560,column-pattern,0.173638,0.203599,15,mm
rosko,4,85.000000,2560,2560,2560,random-uniform,0.134365,0.152855,15,mm
rosko,4,85.000000,2560,2560,2560,diagonal,0.086088,0.099270,15,mm
rosko,4,85.000000,2560,2560,2560,row-pattern,0.130401,0.145107,15,mm
rosko,4,85.000000,2560,2560,2560,column-pattern,0.090848,0.105761,15,mm
rosko,5,85.000000,2560,2560,2560,random-uniform,0.156123,0.178440,15,mm
rosko,5,85.000000,2560,2560,2560,diagonal,0.098754,0.111974,15,mm
rosko,5,85.000000,2560,2560,2560,row-pattern,0.145945,0.162421,15,mm
rosko,5,85.000000,2560,2560,2560,column-pattern,0.108277,0.126505,15,mm
rosko,6,85.000000,2560,2560,2560,random-uniform,0.130849,0.150429,15,mm
rosko,6,85.000000,2560,2560,2560,diagonal,0.089542,0.102363,15,mm
rosko,6,85.000000,2560,2560,2560,row-pattern,0.131330,0.146364,15,mm
rosko,6,85.000000,2560,2560,2560,column-pattern,0.093783,0.110263,15,mm
rosko,7,85.000000,2560,2560,2560,random-uniform,0.125996,0.144749,15,mm
rosko,7,85.000000,2560,2560,2560,diagonal,0.088906,0.101574,15,mm
rosko,7,85.000000,2560,2560,2560,row-pattern,0.130378,0.144815,15,mm
rosko,7,85.000000,2560,2560,2560,column-pattern,0.093292,0.109380,15,mm
rosko,8,85.000000,2560,2560,2560,random-uniform,0.125571,0.143629,15,mm
rosko,8,85.000000,2560,2560,2560,diagonal,0.088722,0.101525,15,mm
rosko,8,85.000000,2560,2560,2560,row-pattern,0.131745,0.147014,15,mm
rosko,8,85.000000,2560,2560,2560,column-pattern,0.094391,0.110790,15,mm
rosko,9,85.000000,2560,2560,2560,random-uniform,0.126116,0.145579,15,mm
rosko,9,85.000000,2560,2560,2560,diagonal,0.089179,0.101864,15,mm
rosko,9,85.000000,2560,2560,2560,row-pattern,0.130475,0.145467,15,mm
rosko,9,85.000000,2560,2560,2560,column-pattern,0.095123,0.111250,15,mm
rosko,10,85.000000,2560,2560,2560,random-uniform,0.125255,0.143672,15,mm
rosko,10,85.000000,2560,2560,2560,diagonal,0.087699,0.100078,15,mm
rosko,10,85.000000,2560,2560,2560,row-pattern,0.129567,0.144047,15,mm
rosko,10,85.000000,2560,2560,2560,column-pattern,0.093270,0.108732,15,mm
rosko,12,85.000000,2560,2560,2560,random-uniform,0.126069,0.143563,15,mm
rosko,12,85.000000,2560,2560,2560,diagonal,0.087203,0.099131,15,mm
rosko,12,85.000000,2560,2560,2560,row-pattern,0.126559,0.141017,15,mm
rosko,12,85.000000,2560,2560,2560,column-pattern,0.093496,0.109126,15,mm
rosko,14,85.000000,2560,2560,2560,random-uniform,0.128916,0.146965,15,mm
rosko,14,85.000000,2560,2560,2560,diagonal,0.087004,0.099366,15,mm
rosko,14,85.000000,2560,2560,2560,row-pattern,0.127733,0.141707,15,mm
rosko,14,85.000000,2560,2560,2560,column-pattern,0.093621,0.108574,15,mm
rosko,16,85.000000,2560,2560,2560,random-uniform,0.125450,0.143133,15,mm
rosko,16,85.000000,2560,2560,2560,diagonal,0.086738,0.099343,15,mm
rosko,16,85.000000,2560,2560,2560,row-pattern,0.131033,0.145495,15,mm
rosko,16,85.000000,2560,2560,2560,column-pattern,0.093127,0.108402,15,mm
rosko,18,85.000000,2560,2560,2560,random-uniform,0.125373,0.143299,15,mm
rosko,18,85.000000,2560,2560,2560,diagonal,0.085710,0.097559,15,mm
rosko,18,85.000000,2560,2560,2560,row-pattern,0.130079,0.144180,15,mm
rosko,18,85.000000,2560,2560,2560,column-pattern,0.093194,0.107894,15,mm
rosko,20,85.000000,2560,2560,2560,random-uniform,0.125451,0.142892,15,mm
rosko,20,85.000000,2560,2560,2560,diagonal,0.087033,0.098949,15,mm
rosko,20,85.000000,2560,2560,2560,row-pattern,0.131186,0.145352,15,mm
rosko,20,85.000000,2560,2560,2560,column-pattern,0.094187,0.108846,15,mm
rosko,25,85.000000,2560,2560,2560,random-uniform,0.129576,0.147409,15,mm
rosko,25,85.000000,2560,2560,2560,diagonal,0.087752,0.100133,15,mm
rosko,25,85.000000,2560,2560,2560,row-pattern,0.131592,0.145375,15,mm
rosko,25,85.000000,2560,2560,2560,column-pattern,0.097154,0.112104,15,mm
rosko,30,85.000000,2560,2560,2560,random-uniform,0.133800,0.152436,15,mm
rosko,30,85.000000,2560,2560,2560,diagonal,0.087740,0.100313,15,mm
rosko,30,85.000000,2560,2560,2560,row-pattern,0.135663,0.150333,15,mm
rosko,30,85.000000,2560,2560,2560,column-pattern,0.100110,0.115991,15,mm
rosko,35,85.000000,2560,2560,2560,random-uniform,0.138384,0.156678,15,mm
rosko,35,85.000000,2560,2560,2560,diagonal,0.088095,0.101205,15,mm
rosko,35,85.000000,2560,2560,2560,row-pattern,0.141783,0.156746,15,mm
rosko,35,85.000000,2560,2560,2560,column-pattern,0.100107,0.116261,15,mm
rosko,40,85.000000,2560,2560,2560,random-uniform,0.145887,0.164674,15,mm
rosko,40,85.000000,2560,2560,2560,diagonal,0.086899,0.100117,15,mm
rosko,40,85.000000,2560,2560,2560,row-pattern,0.141592,0.156658,15,mm
rosko,40,85.000000,2560,2560,2560,column-pattern,0.098261,0.114305,15,mm
rosko,50,85.000000,2560,2560,2560,random-uniform,0.154156,0.173444,15,mm
rosko,50,85.000000,2560,2560,2560,diagonal,0.087850,0.101114,15,mm
rosko,50,85.000000,2560,2560,2560,row-pattern,0.150455,0.166000,15,mm
rosko,50,85.000000,2560,2560,2560,column-pattern,0.100132,0.116956,15,mm
rosko,75,85.000000,2560,2560,2560,random-uniform,0.162073,0.181773,15,mm
rosko,75,85.000000,2560,2560,2560,diagonal,0.088595,0.102467,15,mm
rosko,75,85.000000,2560,2560,2560,row-pattern,0.161401,0.177126,15,mm
rosko,75,85.000000,2560,2560,2560,column-pattern,0.098274,0.115011,15,mm
rosko,100,85.000000,2560,2560,2560,random-uniform,0.188494,0.211375,15,mm
rosko,100,85.000000,2560,2560,2560,diagonal,0.091274,0.108083,15,mm
rosko,100,85.000000,2560,2560,2560,row-pattern,0.164904,0.183787,15,mm
rosko,100,85.000000,2560,2560,2560,column-pattern,0.103780,0.124178,15,mm
rosko,125,85.000000,2560,2560,2560,random-uniform,0.185131,0.212645,15,mm
rosko,125,85.000000,2560,2560,2560,diagonal,0.097703,0.119342,15,mm
rosko,125,85.000000,2560,2560,2560,row-pattern,0.155288,0.178576,15,mm
rosko,125,85.000000,2560,2560,2560,column-pattern,0.112870,0.137725,15,mm
rosko,150,85.000000,2560,2560,2560,random-uniform,0.217404,0.242918,15,mm
rosko,150,85.000000,2560,2560,2560,diagonal,0.094487,0.114675,15,mm
rosko,150,85.000000,2560,2560,2560,row-pattern,0.167312,0.189085,15,mm
rosko,150,85.000000,2560,2560,2560,column-pattern,0.108775,0.132221,15,mm
rosko,175,85.000000,2560,2560,2560,random-uniform,0.230743,0.258166,15,mm
rosko,175,85.000000,2560,2560,2560,diagonal,0.097687,0.119394,15,mm
rosko,175,85.000000,2560,2560,2560,row-pattern,0.170091,0.194365,15,mm
rosko,175,85.000000,2560,2560,2560,column-pattern,0.112559,0.137911,15,mm
rosko,200,85.000000,2560,2560,2560,random-uniform,0.262356,0.292640,15,mm
rosko,200,85.000000,2560,2560,2560,diagonal,0.102576,0.126475,15,mm
rosko,200,85.000000,2560,2560,2560,row-pattern,0.188635,0.215164,15,mm
rosko,200,85.000000,2560,2560,2560,column-pattern,0.115989,0.143403,15,mm
rosko,4,90.000000,2560,2560,2560,random-uniform,0.090845,0.106501,15,mm
rosko,4,90.000000,2560,2560,2560,diagonal,0.064396,0.076085,15,mm
rosko,4,90.000000,2560,2560,2560,row-pattern,0.103991,0.116905,15,mm
rosko,4,90.000000,2560,2560,2560,column-pattern,0.068227,0.082148,15,mm
rosko,5,90.000000,2560,2560,2560,random-uniform,0.105690,0.124924,15,mm
rosko,5,90.000000,2560,2560,2560,diagonal,0.073144,0.085266,15,mm
rosko,5,90.000000,2560,2560,2560,row-pattern,0.113177,0.127786,15,mm
rosko,5,90.000000,2560,2560,2560,column-pattern,0.077584,0.093829,15,mm
rosko,6,90.000000,2560,2560,2560,random-uniform,0.094523,0.111840,15,mm
rosko,6,90.000000,2560,2560,2560,diagonal,0.070097,0.082174,15,mm
rosko,6,90.000000,2560,2560,2560,row-pattern,0.108156,0.121783,15,mm
rosko,6,90.000000,2560,2560,2560,column-pattern,0.073135,0.088156,15,mm
rosko,7,90.000000,2560,2560,2560,random-uniform,0.094320,0.110908,15,mm
rosko,7,90.000000,2560,2560,2560,diagonal,0.068869,0.080640,15,mm
rosko,7,90.000000,2560,2560,2560,row-pattern,0.104081,0.117405,15,mm
rosko,7,90.000000,2560,2560,2560,column-pattern,0.071207,0.086131,15,mm
rosko,8,90.000000,2560,2560,2560,random-uniform,0.096058,0.112149,15,mm
rosko,8,90.000000,2560,2560,2560,diagonal,0.069158,0.081236,15,mm
rosko,8,90.000000,2560,2560,2560,row-pattern,0.103562,0.117091,15,mm
rosko,8,90.000000,2560,2560,2560,column-pattern,0.072429,0.087926,15,mm
rosko,9,90.000000,2560,2560,2560,random-uniform,0.099287,0.116353,15,mm
rosko,9,90.000000,2560,2560,2560,diagonal,0.069618,0.081266,15,mm
rosko,9,90.000000,2560,2560,2560,row-pattern,0.105720,0.119070,15,mm
rosko,9,90.000000,2560,2560,2560,column-pattern,0.072949,0.087861,15,mm
rosko,10,90.000000,2560,2560,2560,random-uniform,0.096784,0.113231,15,mm
rosko,10,90.000000,2560,2560,2560,diagonal,0.068832,0.080547,15,mm
rosko,10,90.000000,2560,2560,2560,row-pattern,0.102597,0.115442,15,mm
rosko,10,90.000000,2560,2560,2560,column-pattern,0.071684,0.086059,15,mm
rosko,12,90.000000,2560,2560,2560,random-uniform,0.098264,0.113819,15,mm
rosko,12,90.000000,2560,2560,2560,diagonal,0.068371,0.079977,15,mm
rosko,12,90.000000,2560,2560,2560,row-pattern,0.101458,0.114496,15,mm
rosko,12,90.000000,2560,2560,2560,column-pattern,0.070891,0.084886,15,mm
rosko,14,90.000000,2560,2560,2560,random-uniform,0.097764,0.113543,15,mm
rosko,14,90.000000,2560,2560,2560,diagonal,0.068879,0.080316,15,mm
rosko,14,90.000000,2560,2560,2560,row-pattern,0.105375,0.118235,15,mm
rosko,14,90.000000,2560,2560,2560,column-pattern,0.071982,0.086046,15,mm
rosko,16,90.000000,2560,2560,2560,random-uniform,0.101773,0.117340,15,mm
rosko,16,90.000000,2560,2560,2560,diagonal,0.068485,0.079929,15,mm
rosko,16,90.000000,2560,2560,2560,row-pattern,0.105871,0.118552,15,mm
rosko,16,90.000000,2560,2560,2560,column-pattern,0.070427,0.083959,15,mm
rosko,18,90.000000,2560,2560,2560,random-uniform,0.101496,0.117340,15,mm
rosko,18,90.000000,2560,2560,2560,diagonal,0.069496,0.080958,15,mm
rosko,18,90.000000,2560,2560,2560,row-pattern,0.104216,0.117042,15,mm
rosko,18,90.000000,2560,2560,2560,column-pattern,0.073048,0.087201,15,mm
rosko,20,90.000000,2560,2560,2560,random-uniform,0.104460,0.120190,15,mm
rosko,20,90.000000,2560,2560,2560,diagonal,0.067675,0.079200,15,mm
rosko,20,90.000000,2560,2560,2560,row-pattern,0.106431,0.119108,15,mm
rosko,20,90.000000,2560,2560,2560,column-pattern,0.071727,0.085722,15,mm
rosko,25,90.000000,2560,2560,2560,random-uniform,0.107032,0.122799,15,mm
rosko,25,90.000000,2560,2560,2560,diagonal,0.069173,0.080766,15,mm
rosko,25,90.000000,2560,2560,2560,row-pattern,0.111116,0.123879,15,mm
rosko,25,90.000000,2560,2560,2560,column-pattern,0.072800,0.086502,15,mm
rosko,30,90.000000,2560,2560,2560,random-uniform,0.113681,0.129986,15,mm
rosko,30,90.000000,2560,2560,2560,diagonal,0.068066,0.080349,15,mm
rosko,30,90.000000,2560,2560,2560,row-pattern,0.111124,0.124268,15,mm
rosko,30,90.000000,2560,2560,2560,column-pattern,0.072363,0.086728,15,mm
rosko,35,90.000000,2560,2560,2560,random-uniform,0.115639,0.131773,15,mm
rosko,35,90.000000,2560,2560,2560,diagonal,0.068152,0.079830,15,mm
rosko,35,90.000000,2560,2560,2560,row-pattern,0.116315,0.129776,15,mm
rosko,35,90.000000,2560,2560,2560,column-pattern,0.071928,0.086482,15,mm
rosko,40,90.000000,2560,2560,2560,random-uniform,0.125268,0.142425,15,mm
rosko,40,90.000000,2560,2560,2560,diagonal,0.068397,0.081077,15,mm
rosko,40,90.000000,2560,2560,2560,row-pattern,0.116993,0.130399,15,mm
rosko,40,90.000000,2560,2560,2560,column-pattern,0.072555,0.087690,15,mm
rosko,50,90.000000,2560,2560,2560,random-uniform,0.136210,0.153727,15,mm
rosko,50,90.000000,2560,2560,2560,diagonal,0.068027,0.080962,15,mm
rosko,50,90.000000,2560,2560,2560,row-pattern,0.124367,0.138558,15,mm
rosko,50,90.000000,2560,2560,2560,column-pattern,0.074027,0.089418,15,mm
rosko,75,90.000000,2560,2560,2560,random-uniform,0.143752,0.160750,15,mm
rosko,75,90.000000,2560,2560,2560,diagonal,0.069749,0.082578,15,mm
rosko,75,90.000000,2560,2560,2560,row-pattern,0.128514,0.142531,15,mm
rosko,75,90.000000,2560,2560,2560,column-pattern,0.073886,0.089454,15,mm
rosko,100,90.000000,2560,2560,2560,random-uniform,0.171505,0.191595,15,mm
rosko,100,90.000000,2560,2560,2560,diagonal,0.072925,0.088330,15,mm
rosko,100,90.000000,2560,2560,2560,row-pattern,0.138180,0.155233,15,mm
rosko,100,90.000000,2560,2560,2560,column-pattern,0.078682,0.097803,15,mm
rosko,125,90.000000,2560,2560,2560,random-uniform,0.167210,0.191457,15,mm
rosko,125,90.000000,2560,2560,2560,diagonal,0.080032,0.099726,15,mm
rosko,125,90.000000,2560,2560,2560,row-pattern,0.123854,0.144738,15,mm
rosko,125,90.000000,2560,2560,2560,column-pattern,0.088848,0.111079,15,mm
rosko,150,90.000000,2560,2560,2560,random-uniform,0.203349,0.226055,15,mm
rosko,150,90.000000,2560,2560,2560,diagonal,0.077660,0.096063,15,mm
rosko,150,90.000000,2560,2560,2560,row-pattern,0.134906,0.154728,15,mm
rosko,150,90.000000,2560,2560,2560,column-pattern,0.084920,0.105959,15,mm
rosko,175,90.000000,2560,2560,2560,random-uniform,0.217759,0.242578,15,mm
rosko,175,90.000000,2560,2560,2560,diagonal,0.079407,0.099371,15,mm
rosko,175,90.000000,2560,2560,2560,row-pattern,0.142181,0.164080,15,mm
rosko,175,90.000000,2560,2560,2560,column-pattern,0.087498,0.110547,15,mm
rosko,200,90.000000,2560,2560,2560,random-uniform,0.247494,0.274121,15,mm
rosko,200,90.000000,2560,2560,2560,diagonal,0.083514,0.105187,15,mm
rosko,200,90.000000,2560,2560,2560,row-pattern,0.155532,0.178459,15,mm
rosko,200,90.000000,2560,2560,2560,column-pattern,0.090933,0.115845,15,mm
rosko,4,95.000000,2560,2560,2560,random-uniform,0.058348,0.073115,15,mm
rosko,4,95.000000,2560,2560,2560,diagonal,0.041004,0.051310,15,mm
rosko,4,95.000000,2560,2560,2560,row-pattern,0.068456,0.080382,15,mm
rosko,4,95.000000,2560,2560,2560,column-pattern,0.042199,0.055129,15,mm
rosko,5,95.000000,2560,2560,2560,random-uniform,0.070447,0.086607,15,mm
rosko,5,95.000000,2560,2560,2560,diagonal,0.046235,0.057676,15,mm
rosko,5,95.000000,2560,2560,2560,row-pattern,0.070673,0.083154,15,mm
rosko,5,95.000000,2560,2560,2560,column-pattern,0.047471,0.062324,15,mm
rosko,6,95.000000,2560,2560,2560,random-uniform,0.065819,0.080335,15,mm
rosko,6,95.000000,2560,2560,2560,diagonal,0.047027,0.058068,15,mm
rosko,6,95.000000,2560,2560,2560,row-pattern,0.069133,0.081171,15,mm
rosko,6,95.000000,2560,2560,2560,column-pattern,0.047158,0.060737,15,mm
rosko,7,95.000000,2560,2560,2560,random-uniform,0.066185,0.079768,15,mm
rosko,7,95.000000,2560,2560,2560,diagonal,0.045903,0.056806,15,mm
rosko,7,95.000000,2560,2560,2560,row-pattern,0.069074,0.080085,15,mm
rosko,7,95.000000,2560,2560,2560,column-pattern,0.047185,0.059935,15,mm
rosko,8,95.000000,2560,2560,2560,random-uniform,0.067415,0.081505,15,mm
rosko,8,95.000000,2560,2560,2560,diagonal,0.044561,0.055460,15,mm
rosko,8,95.000000,2560,2560,2560,row-pattern,0.071000,0.082905,15,mm
rosko,8,95.000000,2560,2560,2560,column-pattern,0.046249,0.059991,15,mm
rosko,9,95.000000,2560,2560,2560,random-uniform,0.067647,0.082458,15,mm
rosko,9,95.000000,2560,2560,2560,diagonal,0.047032,0.057478,15,mm
rosko,9,95.000000,2560,2560,2560,row-pattern,0.068776,0.080294,15,mm
rosko,9,95.000000,2560,2560,2560,column-pattern,0.049225,0.062576,15,mm
rosko,10,95.000000,2560,2560,2560,random-uniform,0.069966,0.083953,15,mm
rosko,10,95.000000,2560,2560,2560,diagonal,0.046790,0.057549,15,mm
rosko,10,95.000000,2560,2560,2560,row-pattern,0.069212,0.080423,15,mm
rosko,10,95.000000,2560,2560,2560,column-pattern,0.048274,0.061246,15,mm
rosko,12,95.000000,2560,2560,2560,random-uniform,0.068993,0.082572,15,mm
rosko,12,95.000000,2560,2560,2560,diagonal,0.042921,0.053296,15,mm
rosko,12,95.000000,2560,2560,2560,row-pattern,0.069864,0.081349,15,mm
rosko,12,95.000000,2560,2560,2560,column-pattern,0.044367,0.056709,15,mm
rosko,14,95.000000,2560,2560,2560,random-uniform,0.071409,0.085102,15,mm
rosko,14,95.000000,2560,2560,2560,diagonal,0.046818,0.057316,15,mm
rosko,14,95.000000,2560,2560,2560,row-pattern,0.069388,0.080448,15,mm
rosko,14,95.000000,2560,2560,2560,column-pattern,0.047917,0.060747,15,mm
rosko,16,95.000000,2560,2560,2560,random-uniform,0.070724,0.084054,15,mm
rosko,16,95.000000,2560,2560,2560,diagonal,0.044071,0.054379,15,mm
rosko,16,95.000000,2560,2560,2560,row-pattern,0.071610,0.082193,15,mm
rosko,16,95.000000,2560,2560,2560,column-pattern,0.044781,0.057055,15,mm
rosko,18,95.000000,2560,2560,2560,random-uniform,0.073190,0.086710,15,mm
rosko,18,95.000000,2560,2560,2560,diagonal,0.046668,0.056732,15,mm
rosko,18,95.000000,2560,2560,2560,row-pattern,0.074882,0.085528,15,mm
rosko,18,95.000000,2560,2560,2560,column-pattern,0.047233,0.059958,15,mm
rosko,20,95.000000,2560,2560,2560,random-uniform,0.071980,0.085490,15,mm
rosko,20,95.000000,2560,2560,2560,diagonal,0.043590,0.053595,15,mm
rosko,20,95.000000,2560,2560,2560,row-pattern,0.072854,0.083547,15,mm
rosko,20,95.000000,2560,2560,2560,column-pattern,0.045614,0.058051,15,mm
rosko,25,95.000000,2560,2560,2560,random-uniform,0.076409,0.089504,15,mm
rosko,25,95.000000,2560,2560,2560,diagonal,0.045434,0.055831,15,mm
rosko,25,95.000000,2560,2560,2560,row-pattern,0.075741,0.086569,15,mm
rosko,25,95.000000,2560,2560,2560,column-pattern,0.046755,0.059439,15,mm
rosko,30,95.000000,2560,2560,2560,random-uniform,0.081520,0.095460,15,mm
rosko,30,95.000000,2560,2560,2560,diagonal,0.045277,0.055859,15,mm
rosko,30,95.000000,2560,2560,2560,row-pattern,0.082298,0.094060,15,mm
rosko,30,95.000000,2560,2560,2560,column-pattern,0.047665,0.060900,15,mm
rosko,35,95.000000,2560,2560,2560,random-uniform,0.083529,0.097610,15,mm
rosko,35,95.000000,2560,2560,2560,diagonal,0.045225,0.056169,15,mm
rosko,35,95.000000,2560,2560,2560,row-pattern,0.082460,0.093983,15,mm
rosko,35,95.000000,2560,2560,2560,column-pattern,0.046758,0.060248,15,mm
rosko,40,95.000000,2560,2560,2560,random-uniform,0.090649,0.105103,15,mm
rosko,40,95.000000,2560,2560,2560,diagonal,0.045219,0.056385,15,mm
rosko,40,95.000000,2560,2560,2560,row-pattern,0.084461,0.096704,15,mm
rosko,40,95.000000,2560,2560,2560,column-pattern,0.046764,0.060658,15,mm
rosko,50,95.000000,2560,2560,2560,random-uniform,0.098216,0.113319,15,mm
rosko,50,95.000000,2560,2560,2560,diagonal,0.045843,0.057396,15,mm
rosko,50,95.000000,2560,2560,2560,row-pattern,0.084608,0.096916,15,mm
rosko,50,95.000000,2560,2560,2560,column-pattern,0.048331,0.062413,15,mm
rosko,75,95.000000,2560,2560,2560,random-uniform,0.108021,0.123092,15,mm
rosko,75,95.000000,2560,2560,2560,diagonal,0.048219,0.059912,15,mm
rosko,75,95.000000,2560,2560,2560,row-pattern,0.089288,0.101917,15,mm
rosko,75,95.000000,2560,2560,2560,column-pattern,0.048093,0.062570,15,mm
rosko,100,95.000000,2560,2560,2560,random-uniform,0.128559,0.146148,15,mm
rosko,100,95.000000,2560,2560,2560,diagonal,0.050825,0.064971,15,mm
rosko,100,95.000000,2560,2560,2560,row-pattern,0.090403,0.105131,15,mm
rosko,100,95.000000,2560,2560,2560,column-pattern,0.052975,0.069853,15,mm
rosko,125,95.000000,2560,2560,2560,random-uniform,0.115253,0.136284,15,mm
rosko,125,95.000000,2560,2560,2560,diagonal,0.057910,0.075056,15,mm
rosko,125,95.000000,2560,2560,2560,row-pattern,0.086731,0.104818,15,mm
rosko,125,95.000000,2560,2560,2560,column-pattern,0.060579,0.080083,15,mm
rosko,150,95.000000,2560,2560,2560,random-uniform,0.138416,0.157991,15,mm
rosko,150,95.000000,2560,2560,2560,diagonal,0.054304,0.071071,15,mm
rosko,150,95.000000,2560,2560,2560,row-pattern,0.088731,0.105278,15,mm
rosko,150,95.000000,2560,2560,2560,column-pattern,0.057550,0.076060,15,mm
rosko,175,95.000000,2560,2560,2560,random-uniform,0.152671,0.173861,15,mm
rosko,175,95.000000,2560,2560,2560,diagonal,0.058614,0.076783,15,mm
rosko,175,95.000000,2560,2560,2560,row-pattern,0.096236,0.114907,15,mm
rosko,175,95.000000,2560,2560,2560,column-pattern,0.060672,0.080804,15,mm
rosko,200,95.000000,2560,2560,2560,random-uniform,0.177799,0.200210,15,mm
rosko,200,95.000000,2560,2560,2560,diagonal,0.061150,0.080121,15,mm
rosko,200,95.000000,2560,2560,2560,row-pattern,0.102776,0.122197,15,mm
rosko,200,95.000000,2560,2560,2560,column-pattern,0.062663,0.084500,15,mm
rosko,4,97.000000,2560,2560,2560,random-uniform,0.047260,0.060578,15,mm
rosko,4,97.000000,2560,2560,2560,diagonal,0.034137,0.044749,15,mm
rosko,4,97.000000,2560,2560,2560,row-pattern,0.052472,0.062265,15,mm
rosko,4,97.000000,2560,2560,2560,column-pattern,0.032643,0.044950,15,mm
rosko,5,97.000000,2560,2560,2560,random-uniform,0.053919,0.068472,15,mm
rosko,5,97.000000,2560,2560,2560,diagonal,0.038662,0.049656,15,mm
rosko,5,97.000000,2560,2560,2560,row-pattern,0.058479,0.069702,15,mm
rosko,5,97.000000,2560,2560,2560,column-pattern,0.038635,0.052465,15,mm
rosko,6,97.000000,2560,2560,2560,random-uniform,0.054980,0.068504,15,mm
rosko,6,97.000000,2560,2560,2560,diagonal,0.039172,0.049660,15,mm
rosko,6,97.000000,2560,2560,2560,row-pattern,0.053912,0.064188,15,mm
rosko,6,97.000000,2560,2560,2560,column-pattern,0.039727,0.052638,15,mm
rosko,7,97.000000,2560,2560,2560,random-uniform,0.053713,0.066183,15,mm
rosko,7,97.000000,2560,2560,2560,diagonal,0.037547,0.047751,15,mm
rosko,7,97.000000,2560,2560,2560,row-pattern,0.057051,0.067872,15,mm
rosko,7,97.000000,2560,2560,2560,column-pattern,0.037603,0.049526,15,mm
rosko,8,97.000000,2560,2560,2560,random-uniform,0.057469,0.070406,15,mm
rosko,8,97.000000,2560,2560,2560,diagonal,0.036099,0.046904,15,mm
rosko,8,97.000000,2560,2560,2560,row-pattern,0.055215,0.065725,15,mm
rosko,8,97.000000,2560,2560,2560,column-pattern,0.035452,0.047865,15,mm
rosko,9,97.000000,2560,2560,2560,random-uniform,0.058943,0.072093,15,mm
rosko,9,97.000000,2560,2560,2560,diagonal,0.038391,0.048373,15,mm
rosko,9,97.000000,2560,2560,2560,row-pattern,0.055915,0.066139,15,mm
rosko,9,97.000000,2560,2560,2560,column-pattern,0.039940,0.052772,15,mm
rosko,10,97.000000,2560,2560,2560,random-uniform,0.056431,0.069222,15,mm
rosko,10,97.000000,2560,2560,2560,diagonal,0.037410,0.047230,15,mm
rosko,10,97.000000,2560,2560,2560,row-pattern,0.054523,0.064396,15,mm
rosko,10,97.000000,2560,2560,2560,column-pattern,0.037792,0.049991,15,mm
rosko,12,97.000000,2560,2560,2560,random-uniform,0.055765,0.068061,15,mm
rosko,12,97.000000,2560,2560,2560,diagonal,0.036125,0.046092,15,mm
rosko,12,97.000000,2560,2560,2560,row-pattern,0.057943,0.067833,15,mm
rosko,12,97.000000,2560,2560,2560,column-pattern,0.036102,0.048141,15,mm
rosko,14,97.000000,2560,2560,2560,random-uniform,0.061138,0.073922,15,mm
rosko,14,97.000000,2560,2560,2560,diagonal,0.039150,0.049500,15,mm
rosko,14,97.000000,2560,2560,2560,row-pattern,0.058147,0.068093,15,mm
rosko,14,97.000000,2560,2560,2560,column-pattern,0.038062,0.050504,15,mm
rosko,16,97.000000,2560,2560,2560,random-uniform,0.057570,0.069799,15,mm
rosko,16,97.000000,2560,2560,2560,diagonal,0.036044,0.045908,15,mm
rosko,16,97.000000,2560,2560,2560,row-pattern,0.056695,0.066536,15,mm
rosko,16,97.000000,2560,2560,2560,column-pattern,0.035393,0.046721,15,mm
rosko,18,97.000000,2560,2560,2560,random-uniform,0.061772,0.074124,15,mm
rosko,18,97.000000,2560,2560,2560,diagonal,0.036340,0.046074,15,mm
rosko,18,97.000000,2560,2560,2560,row-pattern,0.060165,0.070370,15,mm
rosko,18,97.000000,2560,2560,2560,column-pattern,0.037711,0.049556,15,mm
rosko,20,97.000000,2560,2560,2560,random-uniform,0.059911,0.072365,15,mm
rosko,20,97.000000,2560,2560,2560,diagonal,0.035227,0.044820,15,mm
rosko,20,97.000000,2560,2560,2560,row-pattern,0.060867,0.070909,15,mm
rosko,20,97.000000,2560,2560,2560,column-pattern,0.036007,0.047395,15,mm
rosko,25,97.000000,2560,2560,2560,random-uniform,0.068230,0.080672,15,mm
rosko,25,97.000000,2560,2560,2560,diagonal,0.037756,0.047759,15,mm
rosko,25,97.000000,2560,2560,2560,row-pattern,0.061261,0.071491,15,mm
rosko,25,97.000000,2560,2560,2560,column-pattern,0.037064,0.049064,15,mm
rosko,30,97.000000,2560,2560,2560,random-uniform,0.070589,0.083454,15,mm
rosko,30,97.000000,2560,2560,2560,diagonal,0.036258,0.046784,15,mm
rosko,30,97.000000,2560,2560,2560,row-pattern,0.062255,0.072797,15,mm
rosko,30,97.000000,2560,2560,2560,column-pattern,0.037111,0.049755,15,mm
rosko,35,97.000000,2560,2560,2560,random-uniform,0.072931,0.086132,15,mm
rosko,35,97.000000,2560,2560,2560,diagonal,0.036630,0.047016,15,mm
rosko,35,97.000000,2560,2560,2560,row-pattern,0.058426,0.068930,15,mm
rosko,35,97.000000,2560,2560,2560,column-pattern,0.037386,0.049931,15,mm
rosko,40,97.000000,2560,2560,2560,random-uniform,0.078231,0.091336,15,mm
rosko,40,97.000000,2560,2560,2560,diagonal,0.036268,0.047011,15,mm
rosko,40,97.000000,2560,2560,2560,row-pattern,0.063109,0.074033,15,mm
rosko,40,97.000000,2560,2560,2560,column-pattern,0.036872,0.049551,15,mm
rosko,50,97.000000,2560,2560,2560,random-uniform,0.084178,0.097463,15,mm
rosko,50,97.000000,2560,2560,2560,diagonal,0.036883,0.047843,15,mm
rosko,50,97.000000,2560,2560,2560,row-pattern,0.061606,0.072366,15,mm
rosko,50,97.000000,2560,2560,2560,column-pattern,0.038166,0.051362,15,mm
rosko,75,97.000000,2560,2560,2560,random-uniform,0.096061,0.109119,15,mm
rosko,75,97.000000,2560,2560,2560,diagonal,0.038482,0.049274,15,mm
rosko,75,97.000000,2560,2560,2560,row-pattern,0.067396,0.078382,15,mm
rosko,75,97.000000,2560,2560,2560,column-pattern,0.039365,0.052183,15,mm
rosko,100,97.000000,2560,2560,2560,random-uniform,0.109381,0.124573,15,mm
rosko,100,97.000000,2560,2560,2560,diagonal,0.042551,0.056004,15,mm
rosko,100,97.000000,2560,2560,2560,row-pattern,0.070865,0.083870,15,mm
rosko,100,97.000000,2560,2560,2560,column-pattern,0.042513,0.057951,15,mm
rosko,125,97.000000,2560,2560,2560,random-uniform,0.091748,0.109853,15,mm
rosko,125,97.000000,2560,2560,2560,diagonal,0.048879,0.064181,15,mm
rosko,125,97.000000,2560,2560,2560,row-pattern,0.069149,0.084472,15,mm
rosko,125,97.000000,2560,2560,2560,column-pattern,0.051832,0.069596,15,mm
rosko,150,97.000000,2560,2560,2560,random-uniform,0.102586,0.119908,15,mm
rosko,150,97.000000,2560,2560,2560,diagonal,0.045138,0.059968,15,mm
rosko,150,97.000000,2560,2560,2560,row-pattern,0.069378,0.083907,15,mm
rosko,150,97.000000,2560,2560,2560,column-pattern,0.047436,0.064602,15,mm
rosko,175,97.000000,2560,2560,2560,random-uniform,0.113072,0.131516,15,mm
rosko,175,97.000000,2560,2560,2560,diagonal,0.049243,0.065174,15,mm
rosko,175,97.000000,2560,2560,2560,row-pattern,0.073373,0.088991,15,mm
rosko,175,97.000000,2560,2560,2560,column-pattern,0.050696,0.068952,15,mm
rosko,200,97.000000,2560,2560,2560,random-uniform,0.128053,0.148177,15,mm
rosko,200,97.000000,2560,2560,2560,diagonal,0.051615,0.068477,15,mm
rosko,200,97.000000,2560,2560,2560,row-pattern,0.079264,0.096133,15,mm
rosko,200,97.000000,2560,2560,2560,column-pattern,0.052492,0.071794,15,mm
rosko,4,98.000000,2560,2560,2560,random-uniform,0.039658,0.051811,15,mm
rosko,4,98.000000,2560,2560,2560,diagonal,0.031333,0.041576,15,mm
rosko,4,98.000000,2560,2560,2560,row-pattern,0.045592,0.055668,15,mm
rosko,4,98.000000,2560,2560,2560,column-pattern,0.029437,0.040579,15,mm
rosko,5,98.000000,2560,2560,2560,random-uniform,0.051017,0.064876,15,mm
rosko,5,98.000000,2560,2560,2560,diagonal,0.035988,0.046715,15,mm
rosko,5,98.000000,2560,2560,2560,row-pattern,0.047781,0.058413,15,mm
rosko,5,98.000000,2560,2560,2560,column-pattern,0.036073,0.049073,15,mm
rosko,6,98.000000,2560,2560,2560,random-uniform,0.050207,0.062404,15,mm
rosko,6,98.000000,2560,2560,2560,diagonal,0.036182,0.046184,15,mm
rosko,6,98.000000,2560,2560,2560,row-pattern,0.049882,0.059360,15,mm
rosko,6,98.000000,2560,2560,2560,column-pattern,0.036464,0.048244,15,mm
rosko,7,98.000000,2560,2560,2560,random-uniform,0.049356,0.060944,15,mm
rosko,7,98.000000,2560,2560,2560,diagonal,0.034851,0.044599,15,mm
rosko,7,98.000000,2560,2560,2560,row-pattern,0.049679,0.059197,15,mm
rosko,7,98.000000,2560,2560,2560,column-pattern,0.034247,0.045514,15,mm
rosko,8,98.000000,2560,2560,2560,random-uniform,0.049405,0.060478,15,mm
rosko,8,98.000000,2560,2560,2560,diagonal,0.033080,0.043019,15,mm
rosko,8,98.000000,2560,2560,2560,row-pattern,0.048627,0.058206,15,mm
rosko,8,98.000000,2560,2560,2560,column-pattern,0.033495,0.044733,15,mm
rosko,9,98.000000,2560,2560,2560,random-uniform,0.057758,0.070213,15,mm
rosko,9,98.000000,2560,2560,2560,diagonal,0.035539,0.045250,15,mm
rosko,9,98.000000,2560,2560,2560,row-pattern,0.050039,0.059608,15,mm
rosko,9,98.000000,2560,2560,2560,column-pattern,0.036101,0.048070,15,mm
rosko,10,98.000000,2560,2560,2560,random-uniform,0.052544,0.064203,15,mm
rosko,10,98.000000,2560,2560,2560,diagonal,0.034424,0.043926,15,mm
rosko,10,98.000000,2560,2560,2560,row-pattern,0.050899,0.060056,15,mm
rosko,10,98.000000,2560,2560,2560,column-pattern,0.034742,0.046194,15,mm
rosko,12,98.000000,2560,2560,2560,random-uniform,0.051397,0.062712,15,mm
rosko,12,98.000000,2560,2560,2560,diagonal,0.033273,0.042620,15,mm
rosko,12,98.000000,2560,2560,2560,row-pattern,0.049346,0.058445,15,mm
rosko,12,98.000000,2560,2560,2560,column-pattern,0.032437,0.043595,15,mm
rosko,14,98.000000,2560,2560,2560,random-uniform,0.054574,0.066283,15,mm
rosko,14,98.000000,2560,2560,2560,diagonal,0.034706,0.044271,15,mm
rosko,14,98.000000,2560,2560,2560,row-pattern,0.051253,0.060362,15,mm
rosko,14,98.000000,2560,2560,2560,column-pattern,0.034526,0.045829,15,mm
rosko,16,98.000000,2560,2560,2560,random-uniform,0.055009,0.066148,15,mm
rosko,16,98.000000,2560,2560,2560,diagonal,0.033477,0.042664,15,mm
rosko,16,98.000000,2560,2560,2560,row-pattern,0.052114,0.061274,15,mm
rosko,16,98.000000,2560,2560,2560,column-pattern,0.032631,0.043393,15,mm
rosko,18,98.000000,2560,2560,2560,random-uniform,0.057530,0.069077,15,mm
rosko,18,98.000000,2560,2560,2560,diagonal,0.034537,0.043999,15,mm
rosko,18,98.000000,2560,2560,2560,row-pattern,0.053779,0.063094,15,mm
rosko,18,98.000000,2560,2560,2560,column-pattern,0.034499,0.045752,15,mm
rosko,20,98.000000,2560,2560,2560,random-uniform,0.055319,0.066664,15,mm
rosko,20,98.000000,2560,2560,2560,diagonal,0.033312,0.042860,15,mm
rosko,20,98.000000,2560,2560,2560,row-pattern,0.051388,0.060506,15,mm
rosko,20,98.000000,2560,2560,2560,column-pattern,0.032246,0.043024,15,mm
rosko,25,98.000000,2560,2560,2560,random-uniform,0.062172,0.073721,15,mm
rosko,25,98.000000,2560,2560,2560,diagonal,0.034204,0.043663,15,mm
rosko,25,98.000000,2560,2560,2560,row-pattern,0.050021,0.059005,15,mm
rosko,25,98.000000,2560,2560,2560,column-pattern,0.033926,0.044964,15,mm
rosko,30,98.000000,2560,2560,2560,random-uniform,0.064337,0.076034,15,mm
rosko,30,98.000000,2560,2560,2560,diagonal,0.031566,0.040914,15,mm
rosko,30,98.000000,2560,2560,2560,row-pattern,0.053748,0.063224,15,mm
rosko,30,98.000000,2560,2560,2560,column-pattern,0.032091,0.043535,15,mm
rosko,35,98.000000,2560,2560,2560,random-uniform,0.067879,0.079922,15,mm
rosko,35,98.000000,2560,2560,2560,diagonal,0.032816,0.042724,15,mm
rosko,35,98.000000,2560,2560,2560,row-pattern,0.050727,0.060239,15,mm
rosko,35,98.000000,2560,2560,2560,column-pattern,0.032406,0.043567,15,mm
rosko,40,98.000000,2560,2560,2560,random-uniform,0.070675,0.082503,15,mm
rosko,40,98.000000,2560,2560,2560,diagonal,0.033276,0.043330,15,mm
rosko,40,98.000000,2560,2560,2560,row-pattern,0.053060,0.063073,15,mm
rosko,40,98.000000,2560,2560,2560,column-pattern,0.032947,0.044699,15,mm
rosko,50,98.000000,2560,2560,2560,random-uniform,0.078765,0.091422,15,mm
rosko,50,98.000000,2560,2560,2560,diagonal,0.034479,0.044695,15,mm
rosko,50,98.000000,2560,2560,2560,row-pattern,0.053657,0.063619,15,mm
rosko,50,98.000000,2560,2560,2560,column-pattern,0.033903,0.045875,15,mm
rosko,75,98.000000,2560,2560,2560,random-uniform,0.088997,0.101397,15,mm
rosko,75,98.000000,2560,2560,2560,diagonal,0.036609,0.046951,15,mm
rosko,75,98.000000,2560,2560,2560,row-pattern,0.055442,0.065321,15,mm
rosko,75,98.000000,2560,2560,2560,column-pattern,0.036102,0.048134,15,mm
rosko,100,98.000000,2560,2560,2560,random-uniform,0.094408,0.108677,15,mm
rosko,100,98.000000,2560,2560,2560,diagonal,0.039330,0.050724,15,mm
rosko,100,98.000000,2560,2560,2560,row-pattern,0.059668,0.071018,15,mm
rosko,100,98.000000,2560,2560,2560,column-pattern,0.038345,0.051771,15,mm
rosko,125,98.000000,2560,2560,2560,random-uniform,0.081697,0.097421,15,mm
rosko,125,98.000000,2560,2560,2560,diagonal,0.044626,0.058160,15,mm
rosko,125,98.000000,2560,2560,2560,row-pattern,0.062033,0.074999,15,mm
rosko,125,98.000000,2560,2560,2560,column-pattern,0.045694,0.060644,15,mm
rosko,150,98.000000,2560,2560,2560,random-uniform,0.088048,0.103388,15,mm
rosko,150,98.000000,2560,2560,2560,diagonal,0.042241,0.054938,15,mm
rosko,150,98.000000,2560,2560,2560,row-pattern,0.060262,0.072280,15,mm
rosko,150,98.000000,2560,2560,2560,column-pattern,0.042804,0.057872,15,mm
rosko,175,98.000000,2560,2560,2560,random-uniform,0.093017,0.108686,15,mm
rosko,175,98.000000,2560,2560,2560,diagonal,0.045994,0.059727,15,mm
rosko,175,98.000000,2560,2560,2560,row-pattern,0.063767,0.077286,15,mm
rosko,175,98.000000,2560,2560,2560,column-pattern,0.044825,0.060717,15,mm
rosko,200,98.000000,2560,2560,2560,random-uniform,0.103241,0.120411,15,mm
rosko,200,98.000000,2560,2560,2560,diagonal,0.048146,0.063022,15,mm
rosko,200,98.000000,2560,2560,2560,row-pattern,0.068230,0.082260,15,mm
rosko,200,98.000000,2560,2560,2560,column-pattern,0.047603,0.064446,15,mm
rosko,4,99.000000,2560,2560,2560,random-uniform,0.034053,0.045160,15,mm
rosko,4,99.000000,2560,2560,2560,diagonal,0.026457,0.036095,15,mm
rosko,4,99.000000,2560,2560,2560,row-pattern,0.036189,0.045335,15,mm
rosko,4,99.000000,2560,2560,2560,column-pattern,0.026744,0.037897,15,mm
rosko,5,99.000000,2560,2560,2560,random-uniform,0.046755,0.059704,15,mm
rosko,5,99.000000,2560,2560,2560,diagonal,0.030466,0.041003,15,mm
rosko,5,99.000000,2560,2560,2560,row-pattern,0.038509,0.048414,15,mm
rosko,5,99.000000,2560,2560,2560,column-pattern,0.028746,0.041279,15,mm
rosko,6,99.000000,2560,2560,2560,random-uniform,0.045029,0.056548,15,mm
rosko,6,99.000000,2560,2560,2560,diagonal,0.032664,0.042469,15,mm
rosko,6,99.000000,2560,2560,2560,row-pattern,0.042187,0.051232,15,mm
rosko,6,99.000000,2560,2560,2560,column-pattern,0.030995,0.042237,15,mm
rosko,7,99.000000,2560,2560,2560,random-uniform,0.042312,0.053555,15,mm
rosko,7,99.000000,2560,2560,2560,diagonal,0.031341,0.040702,15,mm
rosko,7,99.000000,2560,2560,2560,row-pattern,0.041851,0.050798,15,mm
rosko,7,99.000000,2560,2560,2560,column-pattern,0.030102,0.040949,15,mm
rosko,8,99.000000,2560,2560,2560,random-uniform,0.043012,0.054109,15,mm
rosko,8,99.000000,2560,2560,2560,diagonal,0.029834,0.039267,15,mm
rosko,8,99.000000,2560,2560,2560,row-pattern,0.040709,0.049703,15,mm
rosko,8,99.000000,2560,2560,2560,column-pattern,0.029401,0.040264,15,mm
rosko,9,99.000000,2560,2560,2560,random-uniform,0.049558,0.061057,15,mm
rosko,9,99.000000,2560,2560,2560,diagonal,0.031349,0.040999,15,mm
rosko,9,99.000000,2560,2560,2560,row-pattern,0.041356,0.050601,15,mm
rosko,9,99.000000,2560,2560,2560,column-pattern,0.031500,0.042829,15,mm
rosko,10,99.000000,2560,2560,2560,random-uniform,0.047062,0.058230,15,mm
rosko,10,99.000000,2560,2560,2560,diagonal,0.031439,0.040862,15,mm
rosko,10,99.000000,2560,2560,2560,row-pattern,0.043427,0.052222,15,mm
rosko,10,99.000000,2560,2560,2560,column-pattern,0.030032,0.040969,15,mm
rosko,12,99.000000,2560,2560,2560,random-uniform,0.046424,0.057643,15,mm
rosko,12,99.000000,2560,2560,2560,diagonal,0.030206,0.039494,15,mm
rosko,12,99.000000,2560,2560,2560,row-pattern,0.041134,0.049715,15,mm
rosko,12,99.000000,2560,2560,2560,column-pattern,0.030211,0.041345,15,mm
rosko,14,99.000000,2560,2560,2560,random-uniform,0.050758,0.062133,15,mm
rosko,14,99.000000,2560,2560,2560,diagonal,0.031173,0.040590,15,mm
rosko,14,99.000000,2560,2560,2560,row-pattern,0.043170,0.052221,15,mm
rosko,14,99.000000,2560,2560,2560,column-pattern,0.030237,0.041229,15,mm
rosko,16,99.000000,2560,2560,2560,random-uniform,0.048338,0.059429,15,mm
rosko,16,99.000000,2560,2560,2560,diagonal,0.030298,0.039804,15,mm
rosko,16,99.000000,2560,2560,2560,row-pattern,0.042693,0.051081,15,mm
rosko,16,99.000000,2560,2560,2560,column-pattern,0.029298,0.039926,15,mm
rosko,18,99.000000,2560,2560,2560,random-uniform,0.053828,0.065031,15,mm
rosko,18,99.000000,2560,2560,2560,diagonal,0.030887,0.039961,15,mm
rosko,18,99.000000,2560,2560,2560,row-pattern,0.041588,0.050055,15,mm
rosko,18,99.000000,2560,2560,2560,column-pattern,0.030410,0.041380,15,mm
rosko,20,99.000000,2560,2560,2560,random-uniform,0.052064,0.063164,15,mm
rosko,20,99.000000,2560,2560,2560,diagonal,0.031740,0.041030,15,mm
rosko,20,99.000000,2560,2560,2560,row-pattern,0.041886,0.050264,15,mm
rosko,20,99.000000,2560,2560,2560,column-pattern,0.029559,0.040236,15,mm
rosko,25,99.000000,2560,2560,2560,random-uniform,0.056751,0.067846,15,mm
rosko,25,99.000000,2560,2560,2560,diagonal,0.031621,0.041019,15,mm
rosko,25,99.000000,2560,2560,2560,row-pattern,0.043992,0.052971,15,mm
rosko,25,99.000000,2560,2560,2560,column-pattern,0.030351,0.041076,15,mm
rosko,30,99.000000,2560,2560,2560,random-uniform,0.056417,0.067826,15,mm
rosko,30,99.000000,2560,2560,2560,diagonal,0.029107,0.039051,15,mm
rosko,30,99.000000,2560,2560,2560,row-pattern,0.042260,0.051195,15,mm
rosko,30,99.000000,2560,2560,2560,column-pattern,0.027987,0.039177,15,mm
rosko,35,99.000000,2560,2560,2560,random-uniform,0.059590,0.071178,15,mm
rosko,35,99.000000,2560,2560,2560,diagonal,0.029320,0.039352,15,mm
rosko,35,99.000000,2560,2560,2560,row-pattern,0.041835,0.051447,15,mm
rosko,35,99.000000,2560,2560,2560,column-pattern,0.027833,0.039246,15,mm
rosko,40,99.000000,2560,2560,2560,random-uniform,0.059949,0.071419,15,mm
rosko,40,99.000000,2560,2560,2560,diagonal,0.029824,0.039755,15,mm
rosko,40,99.000000,2560,2560,2560,row-pattern,0.042993,0.051949,15,mm
rosko,40,99.000000,2560,2560,2560,column-pattern,0.028605,0.040295,15,mm
rosko,50,99.000000,2560,2560,2560,random-uniform,0.061476,0.073614,15,mm
rosko,50,99.000000,2560,2560,2560,diagonal,0.031809,0.042246,15,mm
rosko,50,99.000000,2560,2560,2560,row-pattern,0.043034,0.052835,15,mm
rosko,50,99.000000,2560,2560,2560,column-pattern,0.029965,0.041899,15,mm
rosko,75,99.000000,2560,2560,2560,random-uniform,0.066387,0.078344,15,mm
rosko,75,99.000000,2560,2560,2560,diagonal,0.034525,0.044749,15,mm
rosko,75,99.000000,2560,2560,2560,row-pattern,0.044518,0.054073,15,mm
rosko,75,99.000000,2560,2560,2560,column-pattern,0.032746,0.044400,15,mm
rosko,100,99.000000,2560,2560,2560,random-uniform,0.068146,0.081487,15,mm
rosko,100,99.000000,2560,2560,2560,diagonal,0.035705,0.047205,15,mm
rosko,100,99.000000,2560,2560,2560,row-pattern,0.047966,0.059230,15,mm
rosko,100,99.000000,2560,2560,2560,column-pattern,0.034093,0.047582,15,mm
rosko,125,99.000000,2560,2560,2560,random-uniform,0.067832,0.083047,15,mm
rosko,125,99.000000,2560,2560,2560,diagonal,0.043394,0.057119,15,mm
rosko,125,99.000000,2560,2560,2560,row-pattern,0.054724,0.067225,15,mm
rosko,125,99.000000,2560,2560,2560,column-pattern,0.041353,0.056728,15,mm
rosko,150,99.000000,2560,2560,2560,random-uniform,0.069286,0.083765,15,mm
rosko,150,99.000000,2560,2560,2560,diagonal,0.041036,0.054464,15,mm
rosko,150,99.000000,2560,2560,2560,row-pattern,0.050743,0.062704,15,mm
rosko,150,99.000000,2560,2560,2560,column-pattern,0.038097,0.053143,15,mm
rosko,175,99.000000,2560,2560,2560,random-uniform,0.072352,0.088072,15,mm
rosko,175,99.000000,2560,2560,2560,diagonal,0.043348,0.057227,15,mm
rosko,175,99.000000,2560,2560,2560,row-pattern,0.053658,0.067002,15,mm
rosko,175,99.000000,2560,2560,2560,column-pattern,0.039005,0.054585,15,mm
rosko,200,99.000000,2560,2560,2560,random-uniform,0.079319,0.095553,15,mm
rosko,200,99.000000,2560,2560,2560,diagonal,0.046500,0.061230,15,mm
rosko,200,99.000000,2560,2560,2560,row-pattern,0.056297,0.070356,15,mm
rosko,200,99.000000,2560,2560,2560,column-pattern,0.041901,0.058329,15,mm
rosko,4,99.900002,2560,2560,2560,random-uniform,0.033115,0.043181,15,mm
rosko,4,99.900002,2560,2560,2560,diagonal,0.029197,0.038471,15,mm
rosko,4,99.900002,2560,2560,2560,row-pattern,0.032937,0.040726,15,mm
rosko,4,99.900002,2560,2560,2560,column-pattern,0.027049,0.036922,15,mm
rosko,5,99.900002,2560,2560,2560,random-uniform,0.043206,0.054664,15,mm
rosko,5,99.900002,2560,2560,2560,diagonal,0.037626,0.047905,15,mm
rosko,5,99.900002,2560,2560,2560,row-pattern,0.038876,0.048100,15,mm
rosko,5,99.900002,2560,2560,2560,column-pattern,0.034861,0.046334,15,mm
rosko,6,99.900002,2560,2560,2560,random-uniform,0.041011,0.051342,15,mm
rosko,6,99.900002,2560,2560,2560,diagonal,0.035883,0.045268,15,mm
rosko,6,99.900002,2560,2560,2560,row-pattern,0.038947,0.047314,15,mm
rosko,6,99.900002,2560,2560,2560,column-pattern,0.033939,0.044184,15,mm
rosko,7,99.900002,2560,2560,2560,random-uniform,0.040038,0.049913,15,mm
rosko,7,99.900002,2560,2560,2560,diagonal,0.034992,0.044042,15,mm
rosko,7,99.900002,2560,2560,2560,row-pattern,0.037311,0.045351,15,mm
rosko,7,99.900002,2560,2560,2560,column-pattern,0.032973,0.041934,15,mm
rosko,8,99.900002,2560,2560,2560,random-uniform,0.039618,0.049714,15,mm
rosko,8,99.900002,2560,2560,2560,diagonal,0.034376,0.043570,15,mm
rosko,8,99.900002,2560,2560,2560,row-pattern,0.037430,0.045545,15,mm
rosko,8,99.900002,2560,2560,2560,column-pattern,0.033291,0.042556,15,mm
rosko,9,99.900002,2560,2560,2560,random-uniform,0.041105,0.051521,15,mm
rosko,9,99.900002,2560,2560,2560,diagonal,0.035828,0.045266,15,mm
rosko,9,99.900002,2560,2560,2560,row-pattern,0.039431,0.047615,15,mm
rosko,9,99.900002,2560,2560,2560,column-pattern,0.033540,0.042883,15,mm
rosko,10,99.900002,2560,2560,2560,random-uniform,0.040388,0.050615,15,mm
rosko,10,99.900002,2560,2560,2560,diagonal,0.035301,0.044222,15,mm
rosko,10,99.900002,2560,2560,2560,row-pattern,0.038233,0.046306,15,mm
rosko,10,99.900002,2560,2560,2560,column-pattern,0.034963,0.044102,15,mm
rosko,12,99.900002,2560,2560,2560,random-uniform,0.038994,0.048586,15,mm
rosko,12,99.900002,2560,2560,2560,diagonal,0.034641,0.043538,15,mm
rosko,12,99.900002,2560,2560,2560,row-pattern,0.037673,0.045429,15,mm
rosko,12,99.900002,2560,2560,2560,column-pattern,0.032727,0.042178,15,mm
rosko,14,99.900002,2560,2560,2560,random-uniform,0.039093,0.048743,15,mm
rosko,14,99.900002,2560,2560,2560,diagonal,0.034603,0.043460,15,mm
rosko,14,99.900002,2560,2560,2560,row-pattern,0.038623,0.046722,15,mm
rosko,14,99.900002,2560,2560,2560,column-pattern,0.034210,0.044158,15,mm
rosko,16,99.900002,2560,2560,2560,random-uniform,0.038583,0.048166,15,mm
rosko,16,99.900002,2560,2560,2560,diagonal,0.035057,0.044127,15,mm
rosko,16,99.900002,2560,2560,2560,row-pattern,0.037441,0.044907,15,mm
rosko,16,99.900002,2560,2560,2560,column-pattern,0.032936,0.042394,15,mm
rosko,18,99.900002,2560,2560,2560,random-uniform,0.040078,0.050165,15,mm
rosko,18,99.900002,2560,2560,2560,diagonal,0.035318,0.044061,15,mm
rosko,18,99.900002,2560,2560,2560,row-pattern,0.038145,0.045711,15,mm
rosko,18,99.900002,2560,2560,2560,column-pattern,0.033563,0.042446,15,mm
rosko,20,99.900002,2560,2560,2560,random-uniform,0.039153,0.048404,15,mm
rosko,20,99.900002,2560,2560,2560,diagonal,0.035552,0.044315,15,mm
rosko,20,99.900002,2560,2560,2560,row-pattern,0.037351,0.044926,15,mm
rosko,20,99.900002,2560,2560,2560,column-pattern,0.033025,0.042489,15,mm
rosko,25,99.900002,2560,2560,2560,random-uniform,0.040154,0.049793,15,mm
rosko,25,99.900002,2560,2560,2560,diagonal,0.034976,0.043961,15,mm
rosko,25,99.900002,2560,2560,2560,row-pattern,0.036693,0.044588,15,mm
rosko,25,99.900002,2560,2560,2560,column-pattern,0.033660,0.043490,15,mm
rosko,30,99.900002,2560,2560,2560,random-uniform,0.035900,0.045992,15,mm
rosko,30,99.900002,2560,2560,2560,diagonal,0.030874,0.040191,15,mm
rosko,30,99.900002,2560,2560,2560,row-pattern,0.033160,0.041329,15,mm
rosko,30,99.900002,2560,2560,2560,column-pattern,0.029708,0.039635,15,mm
rosko,35,99.900002,2560,2560,2560,random-uniform,0.036636,0.046803,15,mm
rosko,35,99.900002,2560,2560,2560,diagonal,0.030548,0.039745,15,mm
rosko,35,99.900002,2560,2560,2560,row-pattern,0.034209,0.042761,15,mm
rosko,35,99.900002,2560,2560,2560,column-pattern,0.029413,0.039574,15,mm
rosko,40,99.900002,2560,2560,2560,random-uniform,0.036337,0.046765,15,mm
rosko,40,99.900002,2560,2560,2560,diagonal,0.032373,0.041886,15,mm
rosko,40,99.900002,2560,2560,2560,row-pattern,0.032990,0.040723,15,mm
rosko,40,99.900002,2560,2560,2560,column-pattern,0.029011,0.039269,15,mm
rosko,50,99.900002,2560,2560,2560,random-uniform,0.036396,0.046688,15,mm
rosko,50,99.900002,2560,2560,2560,diagonal,0.032958,0.042669,15,mm
rosko,50,99.900002,2560,2560,2560,row-pattern,0.036106,0.044264,15,mm
rosko,50,99.900002,2560,2560,2560,column-pattern,0.030095,0.040527,15,mm
rosko,75,99.900002,2560,2560,2560,random-uniform,0.041647,0.052228,15,mm
rosko,75,99.900002,2560,2560,2560,diagonal,0.037738,0.046926,15,mm
rosko,75,99.900002,2560,2560,2560,row-pattern,0.039929,0.048006,15,mm
rosko,75,99.900002,2560,2560,2560,column-pattern,0.034831,0.044099,15,mm
rosko,100,99.900002,2560,2560,2560,random-uniform,0.040618,0.051946,15,mm
rosko,100,99.900002,2560,2560,2560,diagonal,0.036994,0.047482,15,mm
rosko,100,99.900002,2560,2560,2560,row-pattern,0.039425,0.048493,15,mm
rosko,100,99.900002,2560,2560,2560,column-pattern,0.034255,0.045732,15,mm
rosko,125,99.900002,2560,2560,2560,random-uniform,0.045750,0.058272,15,mm
rosko,125,99.900002,2560,2560,2560,diagonal,0.042810,0.054172,15,mm
rosko,125,99.900002,2560,2560,2560,row-pattern,0.046876,0.057172,15,mm
rosko,125,99.900002,2560,2560,2560,column-pattern,0.039987,0.052073,15,mm
rosko,150,99.900002,2560,2560,2560,random-uniform,0.045535,0.057950,15,mm
rosko,150,99.900002,2560,2560,2560,diagonal,0.042446,0.053876,15,mm
rosko,150,99.900002,2560,2560,2560,row-pattern,0.044017,0.053945,15,mm
rosko,150,99.900002,2560,2560,2560,column-pattern,0.038714,0.050973,15,mm
rosko,175,99.900002,2560,2560,2560,random-uniform,0.046810,0.059509,15,mm
rosko,175,99.900002,2560,2560,2560,diagonal,0.043640,0.055723,15,mm
rosko,175,99.900002,2560,2560,2560,row-pattern,0.045860,0.056319,15,mm
rosko,175,99.900002,2560,2560,2560,column-pattern,0.039988,0.052267,15,mm
rosko,200,99.900002,2560,2560,2560,random-uniform,0.048953,0.062694,15,mm
rosko,200,99.900002,2560,2560,2560,diagonal,0.044599,0.057311,15,mm
rosko,200,99.900002,2560,2560,2560,row-pattern,0.046978,0.058229,15,mm
rosko,200,99.900002,2560,2560,2560,column-pattern,0.041333,0.054983,15,mm
