algo,p,sp,M,K,N,sppattern,rosko-time,outer-time,ntrials,measure
rosko,6,60.000000,8192,8192,8192,random-uniform,7.490847,7.629345,15,mm
rosko,6,60.000000,8192,8192,8192,diagonal,3.071194,3.122002,15,mm
rosko,6,60.000000,8192,8192,8192,row-pattern,3.782790,3.838124,15,mm
rosko,6,60.000000,8192,8192,8192,column-pattern,3.099602,3.160697,15,mm
rosko,7,60.000000,8192,8192,8192,random-uniform,9.299993,9.494123,15,mm
rosko,7,60.000000,8192,8192,8192,diagonal,3.535069,3.597587,15,mm
rosko,7,60.000000,8192,8192,8192,row-pattern,4.569832,4.639584,15,mm
rosko,7,60.000000,8192,8192,8192,column-pattern,3.954181,4.032892,15,mm
rosko,8,60.000000,8192,8192,8192,random-uniform,8.264126,8.440774,15,mm
rosko,8,60.000000,8192,8192,8192,diagonal,3.238764,3.300671,15,mm
rosko,8,60.000000,8192,8192,8192,row-pattern,4.381806,4.451510,15,mm
rosko,8,60.000000,8192,8192,8192,column-pattern,3.511029,3.587841,15,mm
rosko,9,60.000000,8192,8192,8192,random-uniform,7.691198,7.856847,15,mm
rosko,9,60.000000,8192,8192,8192,diagonal,3.017509,3.076845,15,mm
rosko,9,60.000000,8192,8192,8192,row-pattern,3.864243,3.928269,15,mm
rosko,9,60.000000,8192,8192,8192,column-pattern,3.237032,3.309726,15,mm
rosko,10,60.000000,8192,8192,8192,random-uniform,7.629157,7.784943,15,mm
rosko,10,60.000000,8192,8192,8192,diagonal,3.020493,3.077548,15,mm
rosko,10,60.000000,8192,8192,8192,row-pattern,3.906152,3.967794,15,mm
rosko,10,60.000000,8192,8192,8192,column-pattern,3.331029,3.401638,15,mm
rosko,12,60.000000,8192,8192,8192,random-uniform,7.213240,7.355137,15,mm
rosko,12,60.000000,8192,8192,8192,diagonal,2.903773,2.958367,15,mm
rosko,12,60.000000,8192,8192,8192,row-pattern,3.787878,3.849440,15,mm
rosko,12,60.000000,8192,8192,8192,column-pattern,3.186782,3.255562,15,mm
rosko,14,60.000000,8192,8192,8192,random-uniform,7.102687,7.266943,15,mm
rosko,14,60.000000,8192,8192,8192,diagonal,2.933648,2.991845,15,mm
rosko,14,60.000000,8192,8192,8192,row-pattern,3.800668,3.864220,15,mm
rosko,14,60.000000,8192,8192,8192,column-pattern,3.265354,3.337696,15,mm
rosko,16,60.000000,8192,8192,8192,random-uniform,6.837054,6.989881,15,mm
rosko,16,60.000000,8192,8192,8192,diagonal,2.926118,2.983501,15,mm
rosko,16,60.000000,8192,8192,8192,row-pattern,3.786572,3.850718,15,mm
rosko,16,60.000000,8192,8192,8192,column-pattern,3.253055,3.326406,15,mm
rosko,18,60.000000,8192,8192,8192,random-uniform,6.504575,6.650928,15,mm
rosko,18,60.000000,8192,8192,8192,diagonal,2.882130,2.941205,15,mm
rosko,18,60.000000,8192,8192,8192,row-pattern,3.762106,3.826473,15,mm
rosko,18,60.000000,8192,8192,8192,column-pattern,3.237064,3.308890,15,mm
rosko,20,60.000000,8192,8192,8192,random-uniform,6.336890,6.498561,15,mm
rosko,20,60.000000,8192,8192,8192,diagonal,2.921995,2.982558,15,mm
rosko,20,60.000000,8192,8192,8192,row-pattern,3.785859,3.852760,15,mm
rosko,20,60.000000,8192,8192,8192,column-pattern,3.283151,3.358071,15,mm
rosko,25,60.000000,8192,8192,8192,random-uniform,5.832895,5.993795,15,mm
rosko,25,60.000000,8192,8192,8192,diagonal,2.918704,2.982583,15,mm
rosko,25,60.000000,8192,8192,8192,row-pattern,3.757307,3.824696,15,mm
rosko,25,60.000000,8192,8192,8192,column-pattern,3.332017,3.411250,15,mm
rosko,30,60.000000,8192,8192,8192,random-uniform,5.377728,5.540168,15,mm
rosko,30,60.000000,8192,8192,8192,diagonal,2.904281,2.969450,15,mm
rosko,30,60.000000,8192,8192,8192,row-pattern,3.752595,3.825176,15,mm
rosko,30,60.000000,8192,8192,8192,column-pattern,3.310848,3.391918,15,mm
rosko,35,60.000000,8192,8192,8192,random-uniform,4.981397,5.148569,15,mm
rosko,35,60.000000,8192,8192,8192,diagonal,2.905491,2.973389,15,mm
rosko,35,60.000000,8192,8192,8192,row-pattern,3.773301,3.846970,15,mm
rosko,35,60.000000,8192,8192,8192,column-pattern,3.321171,3.404480,15,mm
rosko,40,60.000000,8192,8192,8192,random-uniform,4.697164,4.865145,15,mm
rosko,40,60.000000,8192,8192,8192,diagonal,2.957706,3.027834,15,mm
rosko,40,60.000000,8192,8192,8192,row-pattern,3.805377,3.883054,15,mm
rosko,40,60.000000,8192,8192,8192,column-pattern,3.360729,3.444794,15,mm
rosko,50,60.000000,8192,8192,8192,random-uniform,4.008827,4.186526,15,mm
rosko,50,60.000000,8192,8192,8192,diagonal,2.922588,2.998637,15,mm
rosko,50,60.000000,8192,8192,8192,row-pattern,3.792096,3.873967,15,mm
rosko,50,60.000000,8192,8192,8192,column-pattern,3.433802,3.524858,15,mm
rosko,75,60.000000,8192,8192,8192,random-uniform,3.797914,3.985799,15,mm
rosko,75,60.000000,8192,8192,8192,diagonal,2.903534,2.993217,15,mm
rosko,75,60.000000,8192,8192,8192,row-pattern,3.778725,3.873013,15,mm
rosko,75,60.000000,8192,8192,8192,column-pattern,3.635936,3.739154,15,mm
rosko,100,60.000000,8192,8192,8192,random-uniform,3.872765,4.080213,15,mm
rosko,100,60.000000,8192,8192,8192,diagonal,2.904875,3.008430,15,mm
rosko,100,60.000000,8192,8192,8192,row-pattern,3.835205,3.944730,15,mm
rosko,100,60.000000,8192,8192,8192,column-pattern,3.813055,3.932385,15,mm
rosko,125,60.000000,8192,8192,8192,random-uniform,4.053215,4.274720,15,mm
rosko,125,60.000000,8192,8192,8192,diagonal,2.922100,3.043643,15,mm
rosko,125,60.000000,8192,8192,8192,row-pattern,3.859119,3.982466,15,mm
rosko,125,60.000000,8192,8192,8192,column-pattern,4.100555,4.232362,15,mm
rosko,150,60.000000,8192,8192,8192,random-uniform,4.448527,4.717729,15,mm
rosko,150,60.000000,8192,8192,8192,diagonal,3.003372,3.168652,15,mm
rosko,150,60.000000,8192,8192,8192,row-pattern,4.086763,4.252076,15,mm
rosko,150,60.000000,8192,8192,8192,column-pattern,4.613790,4.789037,15,mm
rosko,175,60.000000,8192,8192,8192,random-uniform,4.433754,4.685648,15,mm
rosko,175,60.000000,8192,8192,8192,diagonal,2.966361,3.117532,15,mm
rosko,175,60.000000,8192,8192,8192,row-pattern,4.054484,4.206406,15,mm
rosko,175,60.000000,8192,8192,8192,column-pattern,4.783911,4.945105,15,mm
rosko,200,60.000000,8192,8192,8192,random-uniform,4.640148,4.908286,15,mm
rosko,200,60.000000,8192,8192,8192,diagonal,2.959648,3.131763,15,mm
rosko,200,60.000000,8192,8192,8192,row-pattern,4.112882,4.279278,15,mm
rosko,200,60.000000,8192,8192,8192,column-pattern,4.854717,5.030836,15,mm
rosko,300,60.000000,8192,8192,8192,random-uniform,6.035595,6.417052,15,mm
rosko,300,60.000000,8192,8192,8192,diagonal,3.112043,3.412379,15,mm
rosko,300,60.000000,8192,8192,8192,row-pattern,4.724875,4.992968,15,mm
rosko,300,60.000000,8192,8192,8192,column-pattern,6.538413,6.822305,15,mm
rosko,6,70.000000,8192,8192,8192,random-uniform,6.399544,6.520148,15,mm
rosko,6,70.000000,8192,8192,8192,diagonal,2.352572,2.399294,15,mm
rosko,6,70.000000,8192,8192,8192,row-pattern,3.196429,3.249226,15,mm
rosko,6,70.000000,8192,8192,8192,column-pattern,2.355677,2.414098,15,mm
rosko,7,70.000000,8192,8192,8192,random-uniform,7.880756,8.037443,15,mm
rosko,7,70.000000,8192,8192,8192,diagonal,2.756459,2.815393,15,mm
rosko,7,70.000000,8192,8192,8192,row-pattern,3.860882,3.926018,15,mm
rosko,7,70.000000,8192,8192,8192,column-pattern,3.033842,3.107297,15,mm
rosko,8,70.000000,8192,8192,8192,random-uniform,6.905828,7.050287,15,mm
rosko,8,70.000000,8192,8192,8192,diagonal,2.542539,2.600559,15,mm
rosko,8,70.000000,8192,8192,8192,row-pattern,3.472312,3.536821,15,mm
rosko,8,70.000000,8192,8192,8192,column-pattern,2.698545,2.769891,15,mm
rosko,9,70.000000,8192,8192,8192,random-uniform,6.270612,6.407022,15,mm
rosko,9,70.000000,8192,8192,8192,diagonal,2.384083,2.439147,15,mm
rosko,9,70.000000,8192,8192,8192,row-pattern,3.222930,3.283608,15,mm
rosko,9,70.000000,8192,8192,8192,column-pattern,2.513088,2.581419,15,mm
rosko,10,70.000000,8192,8192,8192,random-uniform,6.312214,6.440800,15,mm
rosko,10,70.000000,8192,8192,8192,diagonal,2.385286,2.437545,15,mm
rosko,10,70.000000,8192,8192,8192,row-pattern,3.282610,3.340950,15,mm
rosko,10,70.000000,8192,8192,8192,column-pattern,2.570352,2.636026,15,mm
rosko,12,70.000000,8192,8192,8192,random-uniform,5.854260,5.977626,15,mm
rosko,12,70.000000,8192,8192,8192,diagonal,2.304555,2.355975,15,mm
rosko,12,70.000000,8192,8192,8192,row-pattern,3.187246,3.243926,15,mm
rosko,12,70.000000,8192,8192,8192,column-pattern,2.466222,2.530716,15,mm
rosko,14,70.000000,8192,8192,8192,random-uniform,5.876666,6.017068,15,mm
rosko,14,70.000000,8192,8192,8192,diagonal,2.324573,2.380313,15,mm
rosko,14,70.000000,8192,8192,8192,row-pattern,3.229048,3.289139,15,mm
rosko,14,70.000000,8192,8192,8192,column-pattern,2.540503,2.608549,15,mm
rosko,16,70.000000,8192,8192,8192,random-uniform,5.366186,5.495978,15,mm
rosko,16,70.000000,8192,8192,8192,diagonal,2.307853,2.362068,15,mm
rosko,16,70.000000,8192,8192,8192,row-pattern,3.174157,3.234555,15,mm
rosko,16,70.000000,8192,8192,8192,column-pattern,2.530944,2.598354,15,mm
rosko,18,70.000000,8192,8192,8192,random-uniform,5.041536,5.164054,15,mm
rosko,18,70.000000,8192,8192,8192,diagonal,2.281390,2.337202,15,mm
rosko,18,70.000000,8192,8192,8192,row-pattern,3.185596,3.247894,15,mm
rosko,18,70.000000,8192,8192,8192,column-pattern,2.496477,2.565669,15,mm
rosko,20,70.000000,8192,8192,8192,random-uniform,4.873792,5.005892,15,mm
rosko,20,70.000000,8192,8192,8192,diagonal,2.314275,2.370161,15,mm
rosko,20,70.000000,8192,8192,8192,row-pattern,3.253130,3.315846,15,mm
rosko,20,70.000000,8192,8192,8192,column-pattern,2.558336,2.628615,15,mm
rosko,25,70.000000,8192,8192,8192,random-uniform,4.329849,4.464081,15,mm
rosko,25,70.000000,8192,8192,8192,diagonal,2.308163,2.366790,15,mm
rosko,25,70.000000,8192,8192,8192,row-pattern,3.203679,3.267458,15,mm
rosko,25,70.000000,8192,8192,8192,column-pattern,2.570303,2.643472,15,mm
rosko,30,70.000000,8192,8192,8192,random-uniform,3.777686,3.911167,15,mm
rosko,30,70.000000,8192,8192,8192,diagonal,2.296570,2.358147,15,mm
rosko,30,70.000000,8192,8192,8192,row-pattern,3.190971,3.257658,15,mm
rosko,30,70.000000,8192,8192,8192,column-pattern,2.580233,2.654835,15,mm
rosko,35,70.000000,8192,8192,8192,random-uniform,3.293793,3.430348,15,mm
rosko,35,70.000000,8192,8192,8192,diagonal,2.305969,2.370092,15,mm
rosko,35,70.000000,8192,8192,8192,row-pattern,3.154668,3.225101,15,mm
rosko,35,70.000000,8192,8192,8192,column-pattern,2.606053,2.682355,15,mm
rosko,40,70.000000,8192,8192,8192,random-uniform,3.073126,3.213983,15,mm
rosko,40,70.000000,8192,8192,8192,diagonal,2.313079,2.377486,15,mm
rosko,40,70.000000,8192,8192,8192,row-pattern,3.157608,3.230025,15,mm
rosko,40,70.000000,8192,8192,8192,column-pattern,2.660890,2.740044,15,mm
rosko,50,70.000000,8192,8192,8192,random-uniform,3.020443,3.167190,15,mm
rosko,50,70.000000,8192,8192,8192,diagonal,2.311645,2.382026,15,mm
rosko,50,70.000000,8192,8192,8192,row-pattern,3.209911,3.286292,15,mm
rosko,50,70.000000,8192,8192,8192,column-pattern,2.719602,2.802363,15,mm
rosko,75,70.000000,8192,8192,8192,random-uniform,3.172410,3.332084,15,mm
rosko,75,70.000000,8192,8192,8192,diagonal,2.351547,2.436905,15,mm
rosko,75,70.000000,8192,8192,8192,row-pattern,3.217965,3.307313,15,mm
rosko,75,70.000000,8192,8192,8192,column-pattern,2.916279,3.014545,15,mm
rosko,100,70.000000,8192,8192,8192,random-uniform,3.390987,3.564433,15,mm
rosko,100,70.000000,8192,8192,8192,diagonal,2.318102,2.414994,15,mm
rosko,100,70.000000,8192,8192,8192,row-pattern,3.278308,3.380647,15,mm
rosko,100,70.000000,8192,8192,8192,column-pattern,3.120900,3.231900,15,mm
rosko,125,70.000000,8192,8192,8192,random-uniform,3.706362,3.895744,15,mm
rosko,125,70.000000,8192,8192,8192,diagonal,2.332946,2.444888,15,mm
rosko,125,70.000000,8192,8192,8192,row-pattern,3.367011,3.484724,15,mm
rosko,125,70.000000,8192,8192,8192,column-pattern,3.397739,3.521447,15,mm
rosko,150,70.000000,8192,8192,8192,random-uniform,4.165442,4.401333,15,mm
rosko,150,70.000000,8192,8192,8192,diagonal,2.404675,2.559161,15,mm
rosko,150,70.000000,8192,8192,8192,row-pattern,3.577912,3.730299,15,mm
rosko,150,70.000000,8192,8192,8192,column-pattern,3.879723,4.043547,15,mm
rosko,175,70.000000,8192,8192,8192,random-uniform,4.184293,4.407105,15,mm
rosko,175,70.000000,8192,8192,8192,diagonal,2.375971,2.516013,15,mm
rosko,175,70.000000,8192,8192,8192,row-pattern,3.542511,3.686043,15,mm
rosko,175,70.000000,8192,8192,8192,column-pattern,3.907679,4.057915,15,mm
rosko,200,70.000000,8192,8192,8192,random-uniform,4.511189,4.739248,15,mm
rosko,200,70.000000,8192,8192,8192,diagonal,2.377136,2.535449,15,mm
rosko,200,70.000000,8192,8192,8192,row-pattern,3.658416,3.812527,15,mm
rosko,200,70.000000,8192,8192,8192,column-pattern,4.177711,4.345407,15,mm
rosko,300,70.000000,8192,8192,8192,random-uniform,6.184139,6.525002,15,mm
rosko,300,70.000000,8192,8192,8192,diagonal,2.521394,2.801812,15,mm
rosko,300,70.000000,8192,8192,8192,row-pattern,4.388392,4.641216,15,mm
rosko,300,70.000000,8192,8192,8192,column-pattern,5.842692,6.115880,15,mm
rosko,6,80.000000,8192,8192,8192,random-uniform,4.396977,4.485286,15,mm
rosko,6,80.000000,8192,8192,8192,diagonal,1.605301,1.648962,15,mm
rosko,6,80.000000,8192,8192,8192,row-pattern,2.538463,2.587416,15,mm
rosko,6,80.000000,8192,8192,8192,column-pattern,1.619760,1.674886,15,mm
rosko,7,80.000000,8192,8192,8192,random-uniform,5.412245,5.531187,15,mm
rosko,7,80.000000,8192,8192,8192,diagonal,1.994559,2.069213,15,mm
rosko,7,80.000000,8192,8192,8192,row-pattern,2.962888,3.022743,15,mm
rosko,7,80.000000,8192,8192,8192,column-pattern,2.087002,2.153076,15,mm
rosko,8,80.000000,8192,8192,8192,random-uniform,5.311548,5.429445,15,mm
rosko,8,80.000000,8192,8192,8192,diagonal,1.786608,1.839624,15,mm
rosko,8,80.000000,8192,8192,8192,row-pattern,2.780130,2.839312,15,mm
rosko,8,80.000000,8192,8192,8192,column-pattern,1.924940,2.011061,15,mm
rosko,9,80.000000,8192,8192,8192,random-uniform,4.247779,4.353432,15,mm
rosko,9,80.000000,8192,8192,8192,diagonal,1.667460,1.718204,15,mm
rosko,9,80.000000,8192,8192,8192,row-pattern,2.568352,2.624477,15,mm
rosko,9,80.000000,8192,8192,8192,column-pattern,1.760014,1.821701,15,mm
rosko,10,80.000000,8192,8192,8192,random-uniform,4.216790,4.316780,15,mm
rosko,10,80.000000,8192,8192,8192,diagonal,1.676968,1.724992,15,mm
rosko,10,80.000000,8192,8192,8192,row-pattern,2.590421,2.643614,15,mm
rosko,10,80.000000,8192,8192,8192,column-pattern,1.792178,1.853458,15,mm
rosko,12,80.000000,8192,8192,8192,random-uniform,3.986524,4.083600,15,mm
rosko,12,80.000000,8192,8192,8192,diagonal,1.630303,1.677841,15,mm
rosko,12,80.000000,8192,8192,8192,row-pattern,2.561625,2.615029,15,mm
rosko,12,80.000000,8192,8192,8192,column-pattern,1.701129,1.757174,15,mm
rosko,14,80.000000,8192,8192,8192,random-uniform,3.747143,3.851134,15,mm
rosko,14,80.000000,8192,8192,8192,diagonal,1.640113,1.689234,15,mm
rosko,14,80.000000,8192,8192,8192,row-pattern,2.524306,2.580270,15,mm
rosko,14,80.000000,8192,8192,8192,column-pattern,1.781084,1.842464,15,mm
rosko,16,80.000000,8192,8192,8192,random-uniform,3.624336,3.724920,15,mm
rosko,16,80.000000,8192,8192,8192,diagonal,1.631317,1.681521,15,mm
rosko,16,80.000000,8192,8192,8192,row-pattern,2.554663,2.610160,15,mm
rosko,16,80.000000,8192,8192,8192,column-pattern,1.763734,1.825182,15,mm
rosko,18,80.000000,8192,8192,8192,random-uniform,3.451264,3.547889,15,mm
rosko,18,80.000000,8192,8192,8192,diagonal,1.607357,1.656720,15,mm
rosko,18,80.000000,8192,8192,8192,row-pattern,2.502438,2.558029,15,mm
rosko,18,80.000000,8192,8192,8192,column-pattern,1.745635,1.805341,15,mm
rosko,20,80.000000,8192,8192,8192,random-uniform,3.381225,3.483663,15,mm
rosko,20,80.000000,8192,8192,8192,diagonal,1.636910,1.686491,15,mm
rosko,20,80.000000,8192,8192,8192,row-pattern,2.521285,2.578290,15,mm
rosko,20,80.000000,8192,8192,8192,column-pattern,1.816135,1.881796,15,mm
rosko,25,80.000000,8192,8192,8192,random-uniform,3.165631,3.269727,15,mm
rosko,25,80.000000,8192,8192,8192,diagonal,1.637930,1.689624,15,mm
rosko,25,80.000000,8192,8192,8192,row-pattern,2.522648,2.581008,15,mm
rosko,25,80.000000,8192,8192,8192,column-pattern,1.819223,1.887021,15,mm
rosko,30,80.000000,8192,8192,8192,random-uniform,2.857009,2.960374,15,mm
rosko,30,80.000000,8192,8192,8192,diagonal,1.629803,1.683527,15,mm
rosko,30,80.000000,8192,8192,8192,row-pattern,2.530272,2.591061,15,mm
rosko,30,80.000000,8192,8192,8192,column-pattern,1.858319,1.935575,15,mm
rosko,35,80.000000,8192,8192,8192,random-uniform,2.509336,2.615724,15,mm
rosko,35,80.000000,8192,8192,8192,diagonal,1.645586,1.701924,15,mm
rosko,35,80.000000,8192,8192,8192,row-pattern,2.513089,2.576235,15,mm
rosko,35,80.000000,8192,8192,8192,column-pattern,1.903231,1.988508,15,mm
rosko,40,80.000000,8192,8192,8192,random-uniform,2.303222,2.412795,15,mm
rosko,40,80.000000,8192,8192,8192,diagonal,1.645078,1.703260,15,mm
rosko,40,80.000000,8192,8192,8192,row-pattern,2.543013,2.607494,15,mm
rosko,40,80.000000,8192,8192,8192,column-pattern,2.025483,2.135763,15,mm
rosko,50,80.000000,8192,8192,8192,random-uniform,2.330272,2.446923,15,mm
rosko,50,80.000000,8192,8192,8192,diagonal,1.638103,1.700331,15,mm
rosko,50,80.000000,8192,8192,8192,row-pattern,2.570348,2.640365,15,mm
rosko,50,80.000000,8192,8192,8192,column-pattern,1.966592,2.048716,15,mm
rosko,75,80.000000,8192,8192,8192,random-uniform,2.489744,2.615498,15,mm
rosko,75,80.000000,8192,8192,8192,diagonal,1.657910,1.730206,15,mm
rosko,75,80.000000,8192,8192,8192,row-pattern,2.593056,2.671009,15,mm
rosko,75,80.000000,8192,8192,8192,column-pattern,2.141598,2.225351,15,mm
rosko,100,80.000000,8192,8192,8192,random-uniform,2.731904,2.868359,15,mm
rosko,100,80.000000,8192,8192,8192,diagonal,1.658572,1.742176,15,mm
rosko,100,80.000000,8192,8192,8192,row-pattern,2.706366,2.794605,15,mm
rosko,100,80.000000,8192,8192,8192,column-pattern,2.340229,2.435326,15,mm
rosko,125,80.000000,8192,8192,8192,random-uniform,3.100332,3.246383,15,mm
rosko,125,80.000000,8192,8192,8192,diagonal,1.654725,1.749671,15,mm
rosko,125,80.000000,8192,8192,8192,row-pattern,2.798333,2.897671,15,mm
rosko,125,80.000000,8192,8192,8192,column-pattern,2.561668,2.665143,15,mm
rosko,150,80.000000,8192,8192,8192,random-uniform,3.549225,3.728399,15,mm
rosko,150,80.000000,8192,8192,8192,diagonal,1.796959,1.936359,15,mm
rosko,150,80.000000,8192,8192,8192,row-pattern,3.039688,3.168002,15,mm
rosko,150,80.000000,8192,8192,8192,column-pattern,2.988673,3.124282,15,mm
rosko,175,80.000000,8192,8192,8192,random-uniform,3.632171,3.804821,15,mm
rosko,175,80.000000,8192,8192,8192,diagonal,1.707371,1.826404,15,mm
rosko,175,80.000000,8192,8192,8192,row-pattern,2.958182,3.074444,15,mm
rosko,175,80.000000,8192,8192,8192,column-pattern,2.961030,3.087531,15,mm
rosko,200,80.000000,8192,8192,8192,random-uniform,3.797222,3.978747,15,mm
rosko,200,80.000000,8192,8192,8192,diagonal,1.730819,1.873930,15,mm
rosko,200,80.000000,8192,8192,8192,row-pattern,3.055694,3.186284,15,mm
rosko,200,80.000000,8192,8192,8192,column-pattern,3.113921,3.251186,15,mm
rosko,300,80.000000,8192,8192,8192,random-uniform,5.697710,5.965277,15,mm
rosko,300,80.000000,8192,8192,8192,diagonal,1.835236,2.067890,15,mm
rosko,300,80.000000,8192,8192,8192,row-pattern,3.654532,3.856429,15,mm
rosko,300,80.000000,8192,8192,8192,column-pattern,4.536383,4.746665,15,mm
rosko,6,85.000000,8192,8192,8192,random-uniform,2.947454,3.026225,15,mm
rosko,6,85.000000,8192,8192,8192,diagonal,1.232791,1.272578,15,mm
rosko,6,85.000000,8192,8192,8192,row-pattern,2.158300,2.206532,15,mm
rosko,6,85.000000,8192,8192,8192,column-pattern,1.244699,1.295577,15,mm
rosko,7,85.000000,8192,8192,8192,random-uniform,3.578715,3.679712,15,mm
rosko,7,85.000000,8192,8192,8192,diagonal,1.488821,1.540071,15,mm
rosko,7,85.000000,8192,8192,8192,row-pattern,2.521376,2.578807,15,mm
rosko,7,85.000000,8192,8192,8192,column-pattern,1.610109,1.672845,15,mm
rosko,8,85.000000,8192,8192,8192,random-uniform,3.077926,3.173494,15,mm
rosko,8,85.000000,8192,8192,8192,diagonal,1.386826,1.436178,15,mm
rosko,8,85.000000,8192,8192,8192,row-pattern,2.268719,2.325040,15,mm
rosko,8,85.000000,8192,8192,8192,column-pattern,1.446494,1.507544,15,mm
rosko,9,85.000000,8192,8192,8192,random-uniform,2.788285,2.878488,15,mm
rosko,9,85.000000,8192,8192,8192,diagonal,1.321166,1.368741,15,mm
rosko,9,85.000000,8192,8192,8192,row-pattern,2.236519,2.290424,15,mm
rosko,9,85.000000,8192,8192,8192,column-pattern,1.371748,1.430257,15,mm
rosko,10,85.000000,8192,8192,8192,random-uniform,2.869083,2.954646,15,mm
rosko,10,85.000000,8192,8192,8192,diagonal,1.308519,1.353892,15,mm
rosko,10,85.000000,8192,8192,8192,row-pattern,2.201674,2.253997,15,mm
rosko,10,85.000000,8192,8192,8192,column-pattern,1.379053,1.434165,15,mm
rosko,12,85.000000,8192,8192,8192,random-uniform,2.689234,2.769153,15,mm
rosko,12,85.000000,8192,8192,8192,diagonal,1.253202,1.297506,15,mm
rosko,12,85.000000,8192,8192,8192,row-pattern,2.122913,2.173475,15,mm
rosko,12,85.000000,8192,8192,8192,column-pattern,1.320833,1.374193,15,mm
rosko,14,85.000000,8192,8192,8192,random-uniform,2.585598,2.675382,15,mm
rosko,14,85.000000,8192,8192,8192,diagonal,1.287451,1.335085,15,mm
rosko,14,85.000000,8192,8192,8192,row-pattern,2.163521,2.216305,15,mm
rosko,14,85.000000,8192,8192,8192,column-pattern,1.391077,1.448405,15,mm
rosko,16,85.000000,8192,8192,8192,random-uniform,2.531041,2.615903,15,mm
rosko,16,85.000000,8192,8192,8192,diagonal,1.271811,1.316658,15,mm
rosko,16,85.000000,8192,8192,8192,row-pattern,2.153199,2.206374,15,mm
rosko,16,85.000000,8192,8192,8192,column-pattern,1.375801,1.432919,15,mm
rosko,18,85.000000,8192,8192,8192,random-uniform,2.470608,2.555400,15,mm
rosko,18,85.000000,8192,8192,8192,diagonal,1.261977,1.308593,15,mm
rosko,18,85.000000,8192,8192,8192,row-pattern,2.115806,2.169794,15,mm
rosko,18,85.000000,8192,8192,8192,column-pattern,1.365864,1.423122,15,mm
rosko,20,85.000000,8192,8192,8192,random-uniform,2.471230,2.558986,15,mm
rosko,20,85.000000,8192,8192,8192,diagonal,1.285623,1.332179,15,mm
rosko,20,85.000000,8192,8192,8192,row-pattern,2.149453,2.203650,15,mm
rosko,20,85.000000,8192,8192,8192,column-pattern,1.406154,1.463780,15,mm
rosko,25,85.000000,8192,8192,8192,random-uniform,2.259761,2.348914,15,mm
rosko,25,85.000000,8192,8192,8192,diagonal,1.296638,1.345671,15,mm
rosko,25,85.000000,8192,8192,8192,row-pattern,2.145913,2.201262,15,mm
rosko,25,85.000000,8192,8192,8192,column-pattern,1.430607,1.490986,15,mm
rosko,30,85.000000,8192,8192,8192,random-uniform,1.911051,2.022233,15,mm
rosko,30,85.000000,8192,8192,8192,diagonal,1.287751,1.340539,15,mm
rosko,30,85.000000,8192,8192,8192,row-pattern,2.167767,2.227028,15,mm
rosko,30,85.000000,8192,8192,8192,column-pattern,1.590642,1.660472,15,mm
rosko,35,85.000000,8192,8192,8192,random-uniform,1.977180,2.093855,15,mm
rosko,35,85.000000,8192,8192,8192,diagonal,1.288684,1.341259,15,mm
rosko,35,85.000000,8192,8192,8192,row-pattern,2.115311,2.174436,15,mm
rosko,35,85.000000,8192,8192,8192,column-pattern,1.472352,1.536322,15,mm
rosko,40,85.000000,8192,8192,8192,random-uniform,1.957222,2.076291,15,mm
rosko,40,85.000000,8192,8192,8192,diagonal,1.288509,1.343351,15,mm
rosko,40,85.000000,8192,8192,8192,row-pattern,2.147739,2.209999,15,mm
rosko,40,85.000000,8192,8192,8192,column-pattern,1.490040,1.555315,15,mm
rosko,50,85.000000,8192,8192,8192,random-uniform,1.988623,2.112769,15,mm
rosko,50,85.000000,8192,8192,8192,diagonal,1.293831,1.351503,15,mm
rosko,50,85.000000,8192,8192,8192,row-pattern,2.180790,2.245469,15,mm
rosko,50,85.000000,8192,8192,8192,column-pattern,1.545947,1.614989,15,mm
rosko,75,85.000000,8192,8192,8192,random-uniform,2.263763,2.378277,15,mm
rosko,75,85.000000,8192,8192,8192,diagonal,1.440326,1.513265,15,mm
rosko,75,85.000000,8192,8192,8192,row-pattern,2.480094,2.558027,15,mm
rosko,75,85.000000,8192,8192,8192,column-pattern,1.921165,2.032341,15,mm
rosko,100,85.000000,8192,8192,8192,random-uniform,2.506810,2.632204,15,mm
rosko,100,85.000000,8192,8192,8192,diagonal,1.294234,1.372156,15,mm
rosko,100,85.000000,8192,8192,8192,row-pattern,2.293354,2.375543,15,mm
rosko,100,85.000000,8192,8192,8192,column-pattern,1.920140,2.033645,15,mm
rosko,125,85.000000,8192,8192,8192,random-uniform,2.666622,2.794046,15,mm
rosko,125,85.000000,8192,8192,8192,diagonal,1.284836,1.371619,15,mm
rosko,125,85.000000,8192,8192,8192,row-pattern,2.415518,2.507051,15,mm
rosko,125,85.000000,8192,8192,8192,column-pattern,2.014569,2.109427,15,mm
rosko,150,85.000000,8192,8192,8192,random-uniform,3.182607,3.335655,15,mm
rosko,150,85.000000,8192,8192,8192,diagonal,1.371613,1.487442,15,mm
rosko,150,85.000000,8192,8192,8192,row-pattern,2.603843,2.722288,15,mm
rosko,150,85.000000,8192,8192,8192,column-pattern,2.353958,2.475551,15,mm
rosko,175,85.000000,8192,8192,8192,random-uniform,3.165156,3.309243,15,mm
rosko,175,85.000000,8192,8192,8192,diagonal,1.331226,1.439246,15,mm
rosko,175,85.000000,8192,8192,8192,row-pattern,2.555439,2.664656,15,mm
rosko,175,85.000000,8192,8192,8192,column-pattern,2.378998,2.492291,15,mm
rosko,200,85.000000,8192,8192,8192,random-uniform,3.399247,3.555440,15,mm
rosko,200,85.000000,8192,8192,8192,diagonal,1.327053,1.447615,15,mm
rosko,200,85.000000,8192,8192,8192,row-pattern,2.674941,2.797027,15,mm
rosko,200,85.000000,8192,8192,8192,column-pattern,2.440184,2.564121,15,mm
rosko,300,85.000000,8192,8192,8192,random-uniform,5.175537,5.405413,15,mm
rosko,300,85.000000,8192,8192,8192,diagonal,1.476909,1.688546,15,mm
rosko,300,85.000000,8192,8192,8192,row-pattern,3.208267,3.382010,15,mm
rosko,300,85.000000,8192,8192,8192,column-pattern,3.634115,3.828767,15,mm
rosko,6,90.000000,8192,8192,8192,random-uniform,1.641006,1.705777,15,mm
rosko,6,90.000000,8192,8192,8192,diagonal,0.867011,0.904735,15,mm
rosko,6,90.000000,8192,8192,8192,row-pattern,1.720630,1.767303,15,mm
rosko,6,90.000000,8192,8192,8192,column-pattern,0.866164,0.913103,15,mm
rosko,7,90.000000,8192,8192,8192,random-uniform,2.036356,2.120287,15,mm
rosko,7,90.000000,8192,8192,8192,diagonal,1.057423,1.105055,15,mm
rosko,7,90.000000,8192,8192,8192,row-pattern,1.932367,2.009317,15,mm
rosko,7,90.000000,8192,8192,8192,column-pattern,1.138410,1.195456,15,mm
rosko,8,90.000000,8192,8192,8192,random-uniform,1.774495,1.856855,15,mm
rosko,8,90.000000,8192,8192,8192,diagonal,0.972798,1.018437,15,mm
rosko,8,90.000000,8192,8192,8192,row-pattern,1.789377,1.845051,15,mm
rosko,8,90.000000,8192,8192,8192,column-pattern,1.007042,1.062473,15,mm
rosko,9,90.000000,8192,8192,8192,random-uniform,1.626109,1.700048,15,mm
rosko,9,90.000000,8192,8192,8192,diagonal,0.957356,1.006027,15,mm
rosko,9,90.000000,8192,8192,8192,row-pattern,1.701860,1.752173,15,mm
rosko,9,90.000000,8192,8192,8192,column-pattern,0.984599,1.037959,15,mm
rosko,10,90.000000,8192,8192,8192,random-uniform,1.647228,1.717656,15,mm
rosko,10,90.000000,8192,8192,8192,diagonal,0.962076,1.010363,15,mm
rosko,10,90.000000,8192,8192,8192,row-pattern,1.683226,1.730650,15,mm
rosko,10,90.000000,8192,8192,8192,column-pattern,0.961200,1.011227,15,mm
rosko,12,90.000000,8192,8192,8192,random-uniform,1.539697,1.606086,15,mm
rosko,12,90.000000,8192,8192,8192,diagonal,0.901286,0.945466,15,mm
rosko,12,90.000000,8192,8192,8192,row-pattern,1.660740,1.706804,15,mm
rosko,12,90.000000,8192,8192,8192,column-pattern,0.967373,1.037558,15,mm
rosko,14,90.000000,8192,8192,8192,random-uniform,1.492975,1.565647,15,mm
rosko,14,90.000000,8192,8192,8192,diagonal,0.924245,0.975783,15,mm
rosko,14,90.000000,8192,8192,8192,row-pattern,1.715957,1.766639,15,mm
rosko,14,90.000000,8192,8192,8192,column-pattern,0.980604,1.031965,15,mm
rosko,16,90.000000,8192,8192,8192,random-uniform,1.351805,1.422846,15,mm
rosko,16,90.000000,8192,8192,8192,diagonal,0.950842,1.006374,15,mm
rosko,16,90.000000,8192,8192,8192,row-pattern,1.787282,1.847171,15,mm
rosko,16,90.000000,8192,8192,8192,column-pattern,0.964241,1.016317,15,mm
rosko,18,90.000000,8192,8192,8192,random-uniform,1.310453,1.380005,15,mm
rosko,18,90.000000,8192,8192,8192,diagonal,0.943362,0.997151,15,mm
rosko,18,90.000000,8192,8192,8192,row-pattern,1.632774,1.683673,15,mm
rosko,18,90.000000,8192,8192,8192,column-pattern,0.958764,1.015537,15,mm
rosko,20,90.000000,8192,8192,8192,random-uniform,1.340703,1.413001,15,mm
rosko,20,90.000000,8192,8192,8192,diagonal,0.961377,1.016801,15,mm
rosko,20,90.000000,8192,8192,8192,row-pattern,1.668388,1.719774,15,mm
rosko,20,90.000000,8192,8192,8192,column-pattern,0.982647,1.036215,15,mm
rosko,25,90.000000,8192,8192,8192,random-uniform,1.320167,1.392875,15,mm
rosko,25,90.000000,8192,8192,8192,diagonal,0.933482,0.989340,15,mm
rosko,25,90.000000,8192,8192,8192,row-pattern,1.698027,1.756561,15,mm
rosko,25,90.000000,8192,8192,8192,column-pattern,1.005665,1.060112,15,mm
rosko,30,90.000000,8192,8192,8192,random-uniform,1.331890,1.405801,15,mm
rosko,30,90.000000,8192,8192,8192,diagonal,0.938151,0.993479,15,mm
rosko,30,90.000000,8192,8192,8192,row-pattern,1.674225,1.727214,15,mm
rosko,30,90.000000,8192,8192,8192,column-pattern,1.016392,1.072319,15,mm
rosko,35,90.000000,8192,8192,8192,random-uniform,1.375614,1.450681,15,mm
rosko,35,90.000000,8192,8192,8192,diagonal,0.958547,1.014254,15,mm
rosko,35,90.000000,8192,8192,8192,row-pattern,1.682258,1.736643,15,mm
rosko,35,90.000000,8192,8192,8192,column-pattern,1.039010,1.096338,15,mm
rosko,40,90.000000,8192,8192,8192,random-uniform,1.407614,1.484641,15,mm
rosko,40,90.000000,8192,8192,8192,diagonal,0.929867,0.983924,15,mm
rosko,40,90.000000,8192,8192,8192,row-pattern,1.682778,1.736578,15,mm
rosko,40,90.000000,8192,8192,8192,column-pattern,1.062904,1.120493,15,mm
rosko,50,90.000000,8192,8192,8192,random-uniform,1.486521,1.566142,15,mm
rosko,50,90.000000,8192,8192,8192,diagonal,0.951403,1.004557,15,mm
rosko,50,90.000000,8192,8192,8192,row-pattern,1.676467,1.733975,15,mm
rosko,50,90.000000,8192,8192,8192,column-pattern,1.102501,1.165077,15,mm
rosko,75,90.000000,8192,8192,8192,random-uniform,1.733601,1.821004,15,mm
rosko,75,90.000000,8192,8192,8192,diagonal,0.929314,0.991251,15,mm
rosko,75,90.000000,8192,8192,8192,row-pattern,1.747272,1.811629,15,mm
rosko,75,90.000000,8192,8192,8192,column-pattern,1.178481,1.245880,15,mm
rosko,100,90.000000,8192,8192,8192,random-uniform,1.968601,2.061911,15,mm
rosko,100,90.000000,8192,8192,8192,diagonal,0.945809,1.011807,15,mm
rosko,100,90.000000,8192,8192,8192,row-pattern,1.957382,2.062239,15,mm
rosko,100,90.000000,8192,8192,8192,column-pattern,1.271350,1.345729,15,mm
rosko,125,90.000000,8192,8192,8192,random-uniform,2.229478,2.330711,15,mm
rosko,125,90.000000,8192,8192,8192,diagonal,0.937445,1.007387,15,mm
rosko,125,90.000000,8192,8192,8192,row-pattern,2.003053,2.114805,15,mm
rosko,125,90.000000,8192,8192,8192,column-pattern,1.411325,1.490150,15,mm
rosko,150,90.000000,8192,8192,8192,random-uniform,2.738500,2.857633,15,mm
rosko,150,90.000000,8192,8192,8192,diagonal,1.028769,1.119827,15,mm
rosko,150,90.000000,8192,8192,8192,row-pattern,2.055831,2.147269,15,mm
rosko,150,90.000000,8192,8192,8192,column-pattern,1.678255,1.778942,15,mm
rosko,175,90.000000,8192,8192,8192,random-uniform,2.717361,2.831145,15,mm
rosko,175,90.000000,8192,8192,8192,diagonal,0.971952,1.056000,15,mm
rosko,175,90.000000,8192,8192,8192,row-pattern,2.077129,2.164140,15,mm
rosko,175,90.000000,8192,8192,8192,column-pattern,1.698708,1.796437,15,mm
rosko,200,90.000000,8192,8192,8192,random-uniform,2.911677,3.033032,15,mm
rosko,200,90.000000,8192,8192,8192,diagonal,0.971070,1.063874,15,mm
rosko,200,90.000000,8192,8192,8192,row-pattern,2.136060,2.233547,15,mm
rosko,200,90.000000,8192,8192,8192,column-pattern,1.693433,1.793398,15,mm
rosko,300,90.000000,8192,8192,8192,random-uniform,4.447093,4.621391,15,mm
rosko,300,90.000000,8192,8192,8192,diagonal,1.122922,1.275775,15,mm
rosko,300,90.000000,8192,8192,8192,row-pattern,2.444963,2.584073,15,mm
rosko,300,90.000000,8192,8192,8192,column-pattern,2.438452,2.587975,15,mm
rosko,6,95.000000,8192,8192,8192,random-uniform,0.614320,0.665421,15,mm
rosko,6,95.000000,8192,8192,8192,diagonal,0.503242,0.541871,15,mm
rosko,6,95.000000,8192,8192,8192,row-pattern,1.041795,1.082678,15,mm
rosko,6,95.000000,8192,8192,8192,column-pattern,0.485308,0.529450,15,mm
rosko,7,95.000000,8192,8192,8192,random-uniform,0.842528,0.908215,15,mm
rosko,7,95.000000,8192,8192,8192,diagonal,0.615198,0.660158,15,mm
rosko,7,95.000000,8192,8192,8192,row-pattern,1.073960,1.124877,15,mm
rosko,7,95.000000,8192,8192,8192,column-pattern,0.652659,0.704471,15,mm
rosko,8,95.000000,8192,8192,8192,random-uniform,0.786118,0.847750,15,mm
rosko,8,95.000000,8192,8192,8192,diagonal,0.605432,0.655053,15,mm
rosko,8,95.000000,8192,8192,8192,row-pattern,1.144677,1.193830,15,mm
rosko,8,95.000000,8192,8192,8192,column-pattern,0.604967,0.656593,15,mm
rosko,9,95.000000,8192,8192,8192,random-uniform,0.759347,0.818316,15,mm
rosko,9,95.000000,8192,8192,8192,diagonal,0.594858,0.645597,15,mm
rosko,9,95.000000,8192,8192,8192,row-pattern,1.089909,1.137514,15,mm
rosko,9,95.000000,8192,8192,8192,column-pattern,0.601073,0.657613,15,mm
rosko,10,95.000000,8192,8192,8192,random-uniform,0.734291,0.790956,15,mm
rosko,10,95.000000,8192,8192,8192,diagonal,0.541597,0.579968,15,mm
rosko,10,95.000000,8192,8192,8192,row-pattern,1.056545,1.101636,15,mm
rosko,10,95.000000,8192,8192,8192,column-pattern,0.549242,0.597128,15,mm
rosko,12,95.000000,8192,8192,8192,random-uniform,0.723131,0.779804,15,mm
rosko,12,95.000000,8192,8192,8192,diagonal,0.513333,0.550733,15,mm
rosko,12,95.000000,8192,8192,8192,row-pattern,1.023048,1.066984,15,mm
rosko,12,95.000000,8192,8192,8192,column-pattern,0.499772,0.544691,15,mm
rosko,14,95.000000,8192,8192,8192,random-uniform,0.776639,0.833983,15,mm
rosko,14,95.000000,8192,8192,8192,diagonal,0.566229,0.613153,15,mm
rosko,14,95.000000,8192,8192,8192,row-pattern,1.022708,1.068735,15,mm
rosko,14,95.000000,8192,8192,8192,column-pattern,0.647107,0.721119,15,mm
rosko,16,95.000000,8192,8192,8192,random-uniform,0.768945,0.825249,15,mm
rosko,16,95.000000,8192,8192,8192,diagonal,0.522754,0.562633,15,mm
rosko,16,95.000000,8192,8192,8192,row-pattern,1.017026,1.062318,15,mm
rosko,16,95.000000,8192,8192,8192,column-pattern,0.580170,0.633655,15,mm
rosko,18,95.000000,8192,8192,8192,random-uniform,0.764134,0.819977,15,mm
rosko,18,95.000000,8192,8192,8192,diagonal,0.510338,0.549764,15,mm
rosko,18,95.000000,8192,8192,8192,row-pattern,1.024458,1.069700,15,mm
rosko,18,95.000000,8192,8192,8192,column-pattern,0.550214,0.597756,15,mm
rosko,20,95.000000,8192,8192,8192,random-uniform,0.813844,0.870497,15,mm
rosko,20,95.000000,8192,8192,8192,diagonal,0.562780,0.611330,15,mm
rosko,20,95.000000,8192,8192,8192,row-pattern,1.037298,1.083435,15,mm
rosko,20,95.000000,8192,8192,8192,column-pattern,0.597442,0.653076,15,mm
rosko,25,95.000000,8192,8192,8192,random-uniform,0.904390,0.973575,15,mm
rosko,25,95.000000,8192,8192,8192,diagonal,0.568534,0.615073,15,mm
rosko,25,95.000000,8192,8192,8192,row-pattern,1.078032,1.124896,15,mm
rosko,25,95.000000,8192,8192,8192,column-pattern,0.592999,0.659721,15,mm
rosko,30,95.000000,8192,8192,8192,random-uniform,1.043995,1.120325,15,mm
rosko,30,95.000000,8192,8192,8192,diagonal,0.554542,0.598682,15,mm
rosko,30,95.000000,8192,8192,8192,row-pattern,1.059961,1.109793,15,mm
rosko,30,95.000000,8192,8192,8192,column-pattern,0.622764,0.688331,15,mm
rosko,35,95.000000,8192,8192,8192,random-uniform,0.937959,0.999475,15,mm
rosko,35,95.000000,8192,8192,8192,diagonal,0.539346,0.586970,15,mm
rosko,35,95.000000,8192,8192,8192,row-pattern,1.105308,1.155376,15,mm
rosko,35,95.000000,8192,8192,8192,column-pattern,0.604505,0.665017,15,mm
rosko,40,95.000000,8192,8192,8192,random-uniform,0.979389,1.042505,15,mm
rosko,40,95.000000,8192,8192,8192,diagonal,0.554851,0.601059,15,mm
rosko,40,95.000000,8192,8192,8192,row-pattern,1.090129,1.141006,15,mm
rosko,40,95.000000,8192,8192,8192,column-pattern,0.603057,0.656050,15,mm
rosko,50,95.000000,8192,8192,8192,random-uniform,1.063623,1.127777,15,mm
rosko,50,95.000000,8192,8192,8192,diagonal,0.566769,0.617221,15,mm
rosko,50,95.000000,8192,8192,8192,row-pattern,1.152637,1.205580,15,mm
rosko,50,95.000000,8192,8192,8192,column-pattern,0.623072,0.677258,15,mm
rosko,75,95.000000,8192,8192,8192,random-uniform,1.224374,1.293674,15,mm
rosko,75,95.000000,8192,8192,8192,diagonal,0.573513,0.632215,15,mm
rosko,75,95.000000,8192,8192,8192,row-pattern,1.160189,1.218554,15,mm
rosko,75,95.000000,8192,8192,8192,column-pattern,0.637211,0.697156,15,mm
rosko,100,95.000000,8192,8192,8192,random-uniform,1.372938,1.448560,15,mm
rosko,100,95.000000,8192,8192,8192,diagonal,0.574405,0.638689,15,mm
rosko,100,95.000000,8192,8192,8192,row-pattern,1.212882,1.274772,15,mm
rosko,100,95.000000,8192,8192,8192,column-pattern,0.700586,0.765442,15,mm
rosko,125,95.000000,8192,8192,8192,random-uniform,1.609192,1.689393,15,mm
rosko,125,95.000000,8192,8192,8192,diagonal,0.590794,0.663250,15,mm
rosko,125,95.000000,8192,8192,8192,row-pattern,1.257383,1.324940,15,mm
rosko,125,95.000000,8192,8192,8192,column-pattern,0.729422,0.800609,15,mm
rosko,150,95.000000,8192,8192,8192,random-uniform,1.961786,2.070347,15,mm
rosko,150,95.000000,8192,8192,8192,diagonal,0.634364,0.717365,15,mm
rosko,150,95.000000,8192,8192,8192,row-pattern,1.376265,1.458897,15,mm
rosko,150,95.000000,8192,8192,8192,column-pattern,0.744741,0.831267,15,mm
rosko,175,95.000000,8192,8192,8192,random-uniform,1.991957,2.104704,15,mm
rosko,175,95.000000,8192,8192,8192,diagonal,0.589561,0.665021,15,mm
rosko,175,95.000000,8192,8192,8192,row-pattern,1.352745,1.429224,15,mm
rosko,175,95.000000,8192,8192,8192,column-pattern,0.872899,0.967266,15,mm
rosko,200,95.000000,8192,8192,8192,random-uniform,2.047704,2.142636,15,mm
rosko,200,95.000000,8192,8192,8192,diagonal,0.601300,0.682975,15,mm
rosko,200,95.000000,8192,8192,8192,row-pattern,1.368328,1.449533,15,mm
rosko,200,95.000000,8192,8192,8192,column-pattern,0.895937,0.996372,15,mm
rosko,300,95.000000,8192,8192,8192,random-uniform,2.893670,3.031369,15,mm
rosko,300,95.000000,8192,8192,8192,diagonal,0.804530,0.949290,15,mm
rosko,300,95.000000,8192,8192,8192,row-pattern,1.615296,1.740647,15,mm
rosko,300,95.000000,8192,8192,8192,column-pattern,1.011565,1.143582,15,mm
rosko,6,97.000000,8192,8192,8192,random-uniform,0.433954,0.478941,15,mm
rosko,6,97.000000,8192,8192,8192,diagonal,0.345395,0.377029,15,mm
rosko,6,97.000000,8192,8192,8192,row-pattern,0.856430,0.895547,15,mm
rosko,6,97.000000,8192,8192,8192,column-pattern,0.344320,0.385901,15,mm
rosko,7,97.000000,8192,8192,8192,random-uniform,0.616819,0.675427,15,mm
rosko,7,97.000000,8192,8192,8192,diagonal,0.448162,0.492329,15,mm
rosko,7,97.000000,8192,8192,8192,row-pattern,0.817160,0.865945,15,mm
rosko,7,97.000000,8192,8192,8192,column-pattern,0.473172,0.522545,15,mm
rosko,8,97.000000,8192,8192,8192,random-uniform,0.616738,0.685033,15,mm
rosko,8,97.000000,8192,8192,8192,diagonal,0.432184,0.473875,15,mm
rosko,8,97.000000,8192,8192,8192,row-pattern,0.814561,0.861561,15,mm
rosko,8,97.000000,8192,8192,8192,column-pattern,0.431604,0.480093,15,mm
rosko,9,97.000000,8192,8192,8192,random-uniform,0.586206,0.650130,15,mm
rosko,9,97.000000,8192,8192,8192,diagonal,0.423339,0.468674,15,mm
rosko,9,97.000000,8192,8192,8192,row-pattern,0.769300,0.814505,15,mm
rosko,9,97.000000,8192,8192,8192,column-pattern,0.441144,0.502341,15,mm
rosko,10,97.000000,8192,8192,8192,random-uniform,0.525629,0.575658,15,mm
rosko,10,97.000000,8192,8192,8192,diagonal,0.380960,0.424786,15,mm
rosko,10,97.000000,8192,8192,8192,row-pattern,0.785494,0.829323,15,mm
rosko,10,97.000000,8192,8192,8192,column-pattern,0.376225,0.421424,15,mm
rosko,12,97.000000,8192,8192,8192,random-uniform,0.515405,0.564191,15,mm
rosko,12,97.000000,8192,8192,8192,diagonal,0.368383,0.404792,15,mm
rosko,12,97.000000,8192,8192,8192,row-pattern,0.743647,0.785954,15,mm
rosko,12,97.000000,8192,8192,8192,column-pattern,0.377678,0.420415,15,mm
rosko,14,97.000000,8192,8192,8192,random-uniform,0.595276,0.646820,15,mm
rosko,14,97.000000,8192,8192,8192,diagonal,0.397505,0.439330,15,mm
rosko,14,97.000000,8192,8192,8192,row-pattern,0.729543,0.773879,15,mm
rosko,14,97.000000,8192,8192,8192,column-pattern,0.444386,0.509897,15,mm
rosko,16,97.000000,8192,8192,8192,random-uniform,0.582383,0.635545,15,mm
rosko,16,97.000000,8192,8192,8192,diagonal,0.387236,0.425192,15,mm
rosko,16,97.000000,8192,8192,8192,row-pattern,0.745484,0.788647,15,mm
rosko,16,97.000000,8192,8192,8192,column-pattern,0.409315,0.464686,15,mm
rosko,18,97.000000,8192,8192,8192,random-uniform,0.594665,0.645229,15,mm
rosko,18,97.000000,8192,8192,8192,diagonal,0.385099,0.422948,15,mm
rosko,18,97.000000,8192,8192,8192,row-pattern,0.766771,0.810267,15,mm
rosko,18,97.000000,8192,8192,8192,column-pattern,0.399185,0.447992,15,mm
rosko,20,97.000000,8192,8192,8192,random-uniform,0.622014,0.673496,15,mm
rosko,20,97.000000,8192,8192,8192,diagonal,0.399040,0.438802,15,mm
rosko,20,97.000000,8192,8192,8192,row-pattern,0.777475,0.820561,15,mm
rosko,20,97.000000,8192,8192,8192,column-pattern,0.437783,0.498705,15,mm
rosko,25,97.000000,8192,8192,8192,random-uniform,0.662662,0.714065,15,mm
rosko,25,97.000000,8192,8192,8192,diagonal,0.393635,0.433483,15,mm
rosko,25,97.000000,8192,8192,8192,row-pattern,0.776105,0.820859,15,mm
rosko,25,97.000000,8192,8192,8192,column-pattern,0.438218,0.499576,15,mm
rosko,30,97.000000,8192,8192,8192,random-uniform,0.725296,0.778533,15,mm
rosko,30,97.000000,8192,8192,8192,diagonal,0.414848,0.460480,15,mm
rosko,30,97.000000,8192,8192,8192,row-pattern,0.787359,0.833615,15,mm
rosko,30,97.000000,8192,8192,8192,column-pattern,0.416519,0.475308,15,mm
rosko,35,97.000000,8192,8192,8192,random-uniform,0.765337,0.818423,15,mm
rosko,35,97.000000,8192,8192,8192,diagonal,0.392772,0.436609,15,mm
rosko,35,97.000000,8192,8192,8192,row-pattern,0.797711,0.844758,15,mm
rosko,35,97.000000,8192,8192,8192,column-pattern,0.446137,0.506945,15,mm
rosko,40,97.000000,8192,8192,8192,random-uniform,0.808029,0.862829,15,mm
rosko,40,97.000000,8192,8192,8192,diagonal,0.395896,0.439354,15,mm
rosko,40,97.000000,8192,8192,8192,row-pattern,0.823674,0.870183,15,mm
rosko,40,97.000000,8192,8192,8192,column-pattern,0.416956,0.466122,15,mm
rosko,50,97.000000,8192,8192,8192,random-uniform,0.896747,0.958749,15,mm
rosko,50,97.000000,8192,8192,8192,diagonal,0.416111,0.462027,15,mm
rosko,50,97.000000,8192,8192,8192,row-pattern,0.847735,0.896378,15,mm
rosko,50,97.000000,8192,8192,8192,column-pattern,0.413920,0.479210,15,mm
rosko,75,97.000000,8192,8192,8192,random-uniform,1.037375,1.097767,15,mm
rosko,75,97.000000,8192,8192,8192,diagonal,0.428783,0.482768,15,mm
rosko,75,97.000000,8192,8192,8192,row-pattern,0.876997,0.940209,15,mm
rosko,75,97.000000,8192,8192,8192,column-pattern,0.454064,0.515144,15,mm
rosko,100,97.000000,8192,8192,8192,random-uniform,1.178922,1.242863,15,mm
rosko,100,97.000000,8192,8192,8192,diagonal,0.437094,0.496512,15,mm
rosko,100,97.000000,8192,8192,8192,row-pattern,0.932463,1.011092,15,mm
rosko,100,97.000000,8192,8192,8192,column-pattern,0.439636,0.498154,15,mm
rosko,125,97.000000,8192,8192,8192,random-uniform,1.349172,1.417404,15,mm
rosko,125,97.000000,8192,8192,8192,diagonal,0.418007,0.474540,15,mm
rosko,125,97.000000,8192,8192,8192,row-pattern,0.938166,0.999197,15,mm
rosko,125,97.000000,8192,8192,8192,column-pattern,0.448733,0.511715,15,mm
rosko,150,97.000000,8192,8192,8192,random-uniform,1.623138,1.702857,15,mm
rosko,150,97.000000,8192,8192,8192,diagonal,0.505513,0.577341,15,mm
rosko,150,97.000000,8192,8192,8192,row-pattern,1.017187,1.089148,15,mm
rosko,150,97.000000,8192,8192,8192,column-pattern,0.540587,0.628925,15,mm
rosko,175,97.000000,8192,8192,8192,random-uniform,1.591135,1.668889,15,mm
rosko,175,97.000000,8192,8192,8192,diagonal,0.453258,0.518901,15,mm
rosko,175,97.000000,8192,8192,8192,row-pattern,0.971153,1.036840,15,mm
rosko,175,97.000000,8192,8192,8192,column-pattern,0.457349,0.528203,15,mm
rosko,200,97.000000,8192,8192,8192,random-uniform,1.619768,1.700937,15,mm
rosko,200,97.000000,8192,8192,8192,diagonal,0.467118,0.539576,15,mm
rosko,200,97.000000,8192,8192,8192,row-pattern,0.990747,1.063637,15,mm
rosko,200,97.000000,8192,8192,8192,column-pattern,0.487138,0.562619,15,mm
rosko,300,97.000000,8192,8192,8192,random-uniform,2.068641,2.185552,15,mm
rosko,300,97.000000,8192,8192,8192,diagonal,0.657333,0.772643,15,mm
rosko,300,97.000000,8192,8192,8192,row-pattern,1.138987,1.246312,15,mm
rosko,300,97.000000,8192,8192,8192,column-pattern,0.728437,0.849733,15,mm
rosko,6,98.000000,8192,8192,8192,random-uniform,0.353457,0.397740,15,mm
rosko,6,98.000000,8192,8192,8192,diagonal,0.277133,0.309166,15,mm
rosko,6,98.000000,8192,8192,8192,row-pattern,0.721648,0.767412,15,mm
rosko,6,98.000000,8192,8192,8192,column-pattern,0.295222,0.338248,15,mm
rosko,7,98.000000,8192,8192,8192,random-uniform,0.524564,0.578027,15,mm
rosko,7,98.000000,8192,8192,8192,diagonal,0.356808,0.400885,15,mm
rosko,7,98.000000,8192,8192,8192,row-pattern,0.600965,0.658480,15,mm
rosko,7,98.000000,8192,8192,8192,column-pattern,0.407942,0.461592,15,mm
rosko,8,98.000000,8192,8192,8192,random-uniform,0.476870,0.528103,15,mm
rosko,8,98.000000,8192,8192,8192,diagonal,0.323472,0.363321,15,mm
rosko,8,98.000000,8192,8192,8192,row-pattern,0.629185,0.673590,15,mm
rosko,8,98.000000,8192,8192,8192,column-pattern,0.357046,0.403246,15,mm
rosko,9,98.000000,8192,8192,8192,random-uniform,0.466285,0.514888,15,mm
rosko,9,98.000000,8192,8192,8192,diagonal,0.335209,0.376018,15,mm
rosko,9,98.000000,8192,8192,8192,row-pattern,0.613318,0.655938,15,mm
rosko,9,98.000000,8192,8192,8192,column-pattern,0.333342,0.377346,15,mm
rosko,10,98.000000,8192,8192,8192,random-uniform,0.439188,0.485096,15,mm
rosko,10,98.000000,8192,8192,8192,diagonal,0.332320,0.374293,15,mm
rosko,10,98.000000,8192,8192,8192,row-pattern,0.606099,0.661884,15,mm
rosko,10,98.000000,8192,8192,8192,column-pattern,0.325873,0.375605,15,mm
rosko,12,98.000000,8192,8192,8192,random-uniform,0.440313,0.490677,15,mm
rosko,12,98.000000,8192,8192,8192,diagonal,0.285945,0.321196,15,mm
rosko,12,98.000000,8192,8192,8192,row-pattern,0.559118,0.598659,15,mm
rosko,12,98.000000,8192,8192,8192,column-pattern,0.322341,0.367947,15,mm
rosko,14,98.000000,8192,8192,8192,random-uniform,0.494792,0.541752,15,mm
rosko,14,98.000000,8192,8192,8192,diagonal,0.317908,0.361830,15,mm
rosko,14,98.000000,8192,8192,8192,row-pattern,0.623457,0.666532,15,mm
rosko,14,98.000000,8192,8192,8192,column-pattern,0.345197,0.405299,15,mm
rosko,16,98.000000,8192,8192,8192,random-uniform,0.484309,0.530152,15,mm
rosko,16,98.000000,8192,8192,8192,diagonal,0.315404,0.355269,15,mm
rosko,16,98.000000,8192,8192,8192,row-pattern,0.617967,0.666882,15,mm
rosko,16,98.000000,8192,8192,8192,column-pattern,0.297163,0.341420,15,mm
rosko,18,98.000000,8192,8192,8192,random-uniform,0.474734,0.519352,15,mm
rosko,18,98.000000,8192,8192,8192,diagonal,0.313195,0.355601,15,mm
rosko,18,98.000000,8192,8192,8192,row-pattern,0.606370,0.650964,15,mm
rosko,18,98.000000,8192,8192,8192,column-pattern,0.319256,0.371202,15,mm
rosko,20,98.000000,8192,8192,8192,random-uniform,0.581859,0.635045,15,mm
rosko,20,98.000000,8192,8192,8192,diagonal,0.322700,0.364125,15,mm
rosko,20,98.000000,8192,8192,8192,row-pattern,0.613092,0.664029,15,mm
rosko,20,98.000000,8192,8192,8192,column-pattern,0.312048,0.360464,15,mm
rosko,25,98.000000,8192,8192,8192,random-uniform,0.613527,0.676159,15,mm
rosko,25,98.000000,8192,8192,8192,diagonal,0.333643,0.375545,15,mm
rosko,25,98.000000,8192,8192,8192,row-pattern,0.617737,0.660175,15,mm
rosko,25,98.000000,8192,8192,8192,column-pattern,0.341497,0.397633,15,mm
rosko,30,98.000000,8192,8192,8192,random-uniform,0.613345,0.660688,15,mm
rosko,30,98.000000,8192,8192,8192,diagonal,0.296720,0.335966,15,mm
rosko,30,98.000000,8192,8192,8192,row-pattern,0.650861,0.694162,15,mm
rosko,30,98.000000,8192,8192,8192,column-pattern,0.333869,0.380157,15,mm
rosko,35,98.000000,8192,8192,8192,random-uniform,0.649417,0.699203,15,mm
rosko,35,98.000000,8192,8192,8192,diagonal,0.328736,0.370388,15,mm
rosko,35,98.000000,8192,8192,8192,row-pattern,0.649801,0.694049,15,mm
rosko,35,98.000000,8192,8192,8192,column-pattern,0.327585,0.372348,15,mm
rosko,40,98.000000,8192,8192,8192,random-uniform,0.651940,0.701746,15,mm
rosko,40,98.000000,8192,8192,8192,diagonal,0.340414,0.391915,15,mm
rosko,40,98.000000,8192,8192,8192,row-pattern,0.643246,0.688125,15,mm
rosko,40,98.000000,8192,8192,8192,column-pattern,0.343790,0.406083,15,mm
rosko,50,98.000000,8192,8192,8192,random-uniform,0.736791,0.786707,15,mm
rosko,50,98.000000,8192,8192,8192,diagonal,0.338455,0.384921,15,mm
rosko,50,98.000000,8192,8192,8192,row-pattern,0.640686,0.685042,15,mm
rosko,50,98.000000,8192,8192,8192,column-pattern,0.348118,0.404877,15,mm
rosko,75,98.000000,8192,8192,8192,random-uniform,0.891646,0.949827,15,mm
rosko,75,98.000000,8192,8192,8192,diagonal,0.344761,0.389442,15,mm
rosko,75,98.000000,8192,8192,8192,row-pattern,0.720571,0.768815,15,mm
rosko,75,98.000000,8192,8192,8192,column-pattern,0.349438,0.399679,15,mm
rosko,100,98.000000,8192,8192,8192,random-uniform,0.961300,1.017367,15,mm
rosko,100,98.000000,8192,8192,8192,diagonal,0.346617,0.394238,15,mm
rosko,100,98.000000,8192,8192,8192,row-pattern,0.714623,0.764906,15,mm
rosko,100,98.000000,8192,8192,8192,column-pattern,0.359125,0.413294,15,mm
rosko,125,98.000000,8192,8192,8192,random-uniform,1.075751,1.136609,15,mm
rosko,125,98.000000,8192,8192,8192,diagonal,0.375133,0.432261,15,mm
rosko,125,98.000000,8192,8192,8192,row-pattern,0.765560,0.819265,15,mm
rosko,125,98.000000,8192,8192,8192,column-pattern,0.354788,0.413141,15,mm
rosko,150,98.000000,8192,8192,8192,random-uniform,1.267385,1.335811,15,mm
rosko,150,98.000000,8192,8192,8192,diagonal,0.441943,0.505018,15,mm
rosko,150,98.000000,8192,8192,8192,row-pattern,0.811124,0.872665,15,mm
rosko,150,98.000000,8192,8192,8192,column-pattern,0.449103,0.518453,15,mm
rosko,175,98.000000,8192,8192,8192,random-uniform,1.236109,1.303516,15,mm
rosko,175,98.000000,8192,8192,8192,diagonal,0.414978,0.479106,15,mm
rosko,175,98.000000,8192,8192,8192,row-pattern,0.758355,0.818820,15,mm
rosko,175,98.000000,8192,8192,8192,column-pattern,0.408971,0.474573,15,mm
rosko,200,98.000000,8192,8192,8192,random-uniform,1.216981,1.284862,15,mm
rosko,200,98.000000,8192,8192,8192,diagonal,0.404405,0.467969,15,mm
rosko,200,98.000000,8192,8192,8192,row-pattern,0.806029,0.867203,15,mm
rosko,200,98.000000,8192,8192,8192,column-pattern,0.422856,0.490567,15,mm
rosko,300,98.000000,8192,8192,8192,random-uniform,1.424119,1.518115,15,mm
rosko,300,98.000000,8192,8192,8192,diagonal,0.597957,0.688184,15,mm
rosko,300,98.000000,8192,8192,8192,row-pattern,0.941333,1.029759,15,mm
rosko,300,98.000000,8192,8192,8192,column-pattern,0.608552,0.701225,15,mm
rosko,6,99.000000,8192,8192,8192,random-uniform,0.277632,0.316762,15,mm
rosko,6,99.000000,8192,8192,8192,diagonal,0.226670,0.262122,15,mm
rosko,6,99.000000,8192,8192,8192,row-pattern,0.428757,0.468122,15,mm
rosko,6,99.000000,8192,8192,8192,column-pattern,0.216059,0.254539,15,mm
rosko,7,99.000000,8192,8192,8192,random-uniform,0.417594,0.468724,15,mm
rosko,7,99.000000,8192,8192,8192,diagonal,0.266377,0.310851,15,mm
rosko,7,99.000000,8192,8192,8192,row-pattern,0.415464,0.474676,15,mm
rosko,7,99.000000,8192,8192,8192,column-pattern,0.267759,0.317132,15,mm
rosko,8,99.000000,8192,8192,8192,random-uniform,0.420552,0.479230,15,mm
rosko,8,99.000000,8192,8192,8192,diagonal,0.242004,0.283689,15,mm
rosko,8,99.000000,8192,8192,8192,row-pattern,0.442483,0.486111,15,mm
rosko,8,99.000000,8192,8192,8192,column-pattern,0.263047,0.328930,15,mm
rosko,9,99.000000,8192,8192,8192,random-uniform,0.363222,0.409091,15,mm
rosko,9,99.000000,8192,8192,8192,diagonal,0.254610,0.302581,15,mm
rosko,9,99.000000,8192,8192,8192,row-pattern,0.460012,0.506508,15,mm
rosko,9,99.000000,8192,8192,8192,column-pattern,0.296352,0.349639,15,mm
rosko,10,99.000000,8192,8192,8192,random-uniform,0.335104,0.378965,15,mm
rosko,10,99.000000,8192,8192,8192,diagonal,0.229074,0.266884,15,mm
rosko,10,99.000000,8192,8192,8192,row-pattern,0.433219,0.472842,15,mm
rosko,10,99.000000,8192,8192,8192,column-pattern,0.258401,0.320958,15,mm
rosko,12,99.000000,8192,8192,8192,random-uniform,0.335434,0.377097,15,mm
rosko,12,99.000000,8192,8192,8192,diagonal,0.251171,0.293960,15,mm
rosko,12,99.000000,8192,8192,8192,row-pattern,0.439035,0.477933,15,mm
rosko,12,99.000000,8192,8192,8192,column-pattern,0.218124,0.257557,15,mm
rosko,14,99.000000,8192,8192,8192,random-uniform,0.442603,0.504175,15,mm
rosko,14,99.000000,8192,8192,8192,diagonal,0.227202,0.266063,15,mm
rosko,14,99.000000,8192,8192,8192,row-pattern,0.439722,0.482276,15,mm
rosko,14,99.000000,8192,8192,8192,column-pattern,0.226043,0.278634,15,mm
rosko,16,99.000000,8192,8192,8192,random-uniform,0.448882,0.501095,15,mm
rosko,16,99.000000,8192,8192,8192,diagonal,0.215165,0.252766,15,mm
rosko,16,99.000000,8192,8192,8192,row-pattern,0.445383,0.484749,15,mm
rosko,16,99.000000,8192,8192,8192,column-pattern,0.213391,0.254972,15,mm
rosko,18,99.000000,8192,8192,8192,random-uniform,0.428233,0.478486,15,mm
rosko,18,99.000000,8192,8192,8192,diagonal,0.231495,0.273880,15,mm
rosko,18,99.000000,8192,8192,8192,row-pattern,0.429534,0.473231,15,mm
rosko,18,99.000000,8192,8192,8192,column-pattern,0.268052,0.321121,15,mm
rosko,20,99.000000,8192,8192,8192,random-uniform,0.444033,0.503914,15,mm
rosko,20,99.000000,8192,8192,8192,diagonal,0.248362,0.290730,15,mm
rosko,20,99.000000,8192,8192,8192,row-pattern,0.413451,0.467169,15,mm
rosko,20,99.000000,8192,8192,8192,column-pattern,0.233110,0.275984,15,mm
rosko,25,99.000000,8192,8192,8192,random-uniform,0.484894,0.529396,15,mm
rosko,25,99.000000,8192,8192,8192,diagonal,0.236959,0.277806,15,mm
rosko,25,99.000000,8192,8192,8192,row-pattern,0.457132,0.497559,15,mm
rosko,25,99.000000,8192,8192,8192,column-pattern,0.222096,0.264493,15,mm
rosko,30,99.000000,8192,8192,8192,random-uniform,0.516212,0.561259,15,mm
rosko,30,99.000000,8192,8192,8192,diagonal,0.231294,0.269974,15,mm
rosko,30,99.000000,8192,8192,8192,row-pattern,0.468723,0.510950,15,mm
rosko,30,99.000000,8192,8192,8192,column-pattern,0.254940,0.310317,15,mm
rosko,35,99.000000,8192,8192,8192,random-uniform,0.577133,0.628486,15,mm
rosko,35,99.000000,8192,8192,8192,diagonal,0.249822,0.290209,15,mm
rosko,35,99.000000,8192,8192,8192,row-pattern,0.472719,0.514132,15,mm
rosko,35,99.000000,8192,8192,8192,column-pattern,0.256639,0.300338,15,mm
rosko,40,99.000000,8192,8192,8192,random-uniform,0.554733,0.601826,15,mm
rosko,40,99.000000,8192,8192,8192,diagonal,0.265394,0.305516,15,mm
rosko,40,99.000000,8192,8192,8192,row-pattern,0.475656,0.517695,15,mm
rosko,40,99.000000,8192,8192,8192,column-pattern,0.259054,0.303958,15,mm
rosko,50,99.000000,8192,8192,8192,random-uniform,0.603658,0.660954,15,mm
rosko,50,99.000000,8192,8192,8192,diagonal,0.269088,0.310853,15,mm
rosko,50,99.000000,8192,8192,8192,row-pattern,0.484104,0.527605,15,mm
rosko,50,99.000000,8192,8192,8192,column-pattern,0.271603,0.317150,15,mm
rosko,75,99.000000,8192,8192,8192,random-uniform,0.662118,0.713188,15,mm
rosko,75,99.000000,8192,8192,8192,diagonal,0.291107,0.337298,15,mm
rosko,75,99.000000,8192,8192,8192,row-pattern,0.506354,0.553551,15,mm
rosko,75,99.000000,8192,8192,8192,column-pattern,0.280452,0.330409,15,mm
rosko,100,99.000000,8192,8192,8192,random-uniform,0.715215,0.768627,15,mm
rosko,100,99.000000,8192,8192,8192,diagonal,0.314344,0.375167,15,mm
rosko,100,99.000000,8192,8192,8192,row-pattern,0.529371,0.580484,15,mm
rosko,100,99.000000,8192,8192,8192,column-pattern,0.278028,0.331395,15,mm
rosko,125,99.000000,8192,8192,8192,random-uniform,0.759400,0.816597,15,mm
rosko,125,99.000000,8192,8192,8192,diagonal,0.311205,0.366774,15,mm
rosko,125,99.000000,8192,8192,8192,row-pattern,0.524479,0.579080,15,mm
rosko,125,99.000000,8192,8192,8192,column-pattern,0.311718,0.370313,15,mm
rosko,150,99.000000,8192,8192,8192,random-uniform,0.798364,0.862439,15,mm
rosko,150,99.000000,8192,8192,8192,diagonal,0.381313,0.456577,15,mm
rosko,150,99.000000,8192,8192,8192,row-pattern,0.614666,0.681672,15,mm
rosko,150,99.000000,8192,8192,8192,column-pattern,0.380774,0.456297,15,mm
rosko,175,99.000000,8192,8192,8192,random-uniform,0.801114,0.864205,15,mm
rosko,175,99.000000,8192,8192,8192,diagonal,0.344625,0.412529,15,mm
rosko,175,99.000000,8192,8192,8192,row-pattern,0.562361,0.634325,15,mm
rosko,175,99.000000,8192,8192,8192,column-pattern,0.338167,0.403472,15,mm
rosko,200,99.000000,8192,8192,8192,random-uniform,0.833281,0.902038,15,mm
rosko,200,99.000000,8192,8192,8192,diagonal,0.337265,0.406087,15,mm
rosko,200,99.000000,8192,8192,8192,row-pattern,0.583958,0.650391,15,mm
rosko,200,99.000000,8192,8192,8192,column-pattern,0.358332,0.427559,15,mm
rosko,300,99.000000,8192,8192,8192,random-uniform,0.914896,1.010118,15,mm
rosko,300,99.000000,8192,8192,8192,diagonal,0.531990,0.640465,15,mm
rosko,300,99.000000,8192,8192,8192,row-pattern,0.777433,0.877114,15,mm
rosko,300,99.000000,8192,8192,8192,column-pattern,0.499519,0.599296,15,mm
rosko,6,99.900002,8192,8192,8192,random-uniform,0.274034,0.308179,15,mm
rosko,6,99.900002,8192,8192,8192,diagonal,0.270236,0.309398,15,mm
rosko,6,99.900002,8192,8192,8192,row-pattern,0.282563,0.310135,15,mm
rosko,6,99.900002,8192,8192,8192,column-pattern,0.254337,0.290358,15,mm
rosko,7,99.900002,8192,8192,8192,random-uniform,0.322640,0.369817,15,mm
rosko,7,99.900002,8192,8192,8192,diagonal,0.223178,0.270625,15,mm
rosko,7,99.900002,8192,8192,8192,row-pattern,0.297920,0.337486,15,mm
rosko,7,99.900002,8192,8192,8192,column-pattern,0.248820,0.295850,15,mm
rosko,8,99.900002,8192,8192,8192,random-uniform,0.316629,0.361512,15,mm
rosko,8,99.900002,8192,8192,8192,diagonal,0.231853,0.274953,15,mm
rosko,8,99.900002,8192,8192,8192,row-pattern,0.300321,0.339789,15,mm
rosko,8,99.900002,8192,8192,8192,column-pattern,0.241873,0.287105,15,mm
rosko,9,99.900002,8192,8192,8192,random-uniform,0.288624,0.328868,15,mm
rosko,9,99.900002,8192,8192,8192,diagonal,0.240610,0.285896,15,mm
rosko,9,99.900002,8192,8192,8192,row-pattern,0.298797,0.332561,15,mm
rosko,9,99.900002,8192,8192,8192,column-pattern,0.219673,0.268761,15,mm
rosko,10,99.900002,8192,8192,8192,random-uniform,0.327896,0.376272,15,mm
rosko,10,99.900002,8192,8192,8192,diagonal,0.209607,0.253745,15,mm
rosko,10,99.900002,8192,8192,8192,row-pattern,0.287391,0.317546,15,mm
rosko,10,99.900002,8192,8192,8192,column-pattern,0.253333,0.292913,15,mm
rosko,12,99.900002,8192,8192,8192,random-uniform,0.279247,0.314042,15,mm
rosko,12,99.900002,8192,8192,8192,diagonal,0.227481,0.262420,15,mm
rosko,12,99.900002,8192,8192,8192,row-pattern,0.267750,0.296726,15,mm
rosko,12,99.900002,8192,8192,8192,column-pattern,0.215468,0.250753,15,mm
rosko,14,99.900002,8192,8192,8192,random-uniform,0.325469,0.366372,15,mm
rosko,14,99.900002,8192,8192,8192,diagonal,0.262896,0.303144,15,mm
rosko,14,99.900002,8192,8192,8192,row-pattern,0.282602,0.313553,15,mm
rosko,14,99.900002,8192,8192,8192,column-pattern,0.261440,0.303589,15,mm
rosko,16,99.900002,8192,8192,8192,random-uniform,0.280195,0.317663,15,mm
rosko,16,99.900002,8192,8192,8192,diagonal,0.215562,0.251000,15,mm
rosko,16,99.900002,8192,8192,8192,row-pattern,0.291433,0.319663,15,mm
rosko,16,99.900002,8192,8192,8192,column-pattern,0.206790,0.247508,15,mm
rosko,18,99.900002,8192,8192,8192,random-uniform,0.294327,0.329922,15,mm
rosko,18,99.900002,8192,8192,8192,diagonal,0.243290,0.280560,15,mm
rosko,18,99.900002,8192,8192,8192,row-pattern,0.298642,0.327075,15,mm
rosko,18,99.900002,8192,8192,8192,column-pattern,0.234098,0.269500,15,mm
rosko,20,99.900002,8192,8192,8192,random-uniform,0.324335,0.368595,15,mm
rosko,20,99.900002,8192,8192,8192,diagonal,0.229461,0.265428,15,mm
rosko,20,99.900002,8192,8192,8192,row-pattern,0.295148,0.324788,15,mm
rosko,20,99.900002,8192,8192,8192,column-pattern,0.217541,0.253792,15,mm
rosko,25,99.900002,8192,8192,8192,random-uniform,0.281130,0.318255,15,mm
rosko,25,99.900002,8192,8192,8192,diagonal,0.261004,0.305161,15,mm
rosko,25,99.900002,8192,8192,8192,row-pattern,0.293730,0.322834,15,mm
rosko,25,99.900002,8192,8192,8192,column-pattern,0.249479,0.285669,15,mm
rosko,30,99.900002,8192,8192,8192,random-uniform,0.314517,0.355361,15,mm
rosko,30,99.900002,8192,8192,8192,diagonal,0.221316,0.259297,15,mm
rosko,30,99.900002,8192,8192,8192,row-pattern,0.299119,0.329113,15,mm
rosko,30,99.900002,8192,8192,8192,column-pattern,0.245177,0.280906,15,mm
rosko,35,99.900002,8192,8192,8192,random-uniform,0.313754,0.353014,15,mm
rosko,35,99.900002,8192,8192,8192,diagonal,0.250479,0.292182,15,mm
rosko,35,99.900002,8192,8192,8192,row-pattern,0.272192,0.301259,15,mm
rosko,35,99.900002,8192,8192,8192,column-pattern,0.250014,0.286954,15,mm
rosko,40,99.900002,8192,8192,8192,random-uniform,0.312802,0.350528,15,mm
rosko,40,99.900002,8192,8192,8192,diagonal,0.254589,0.303411,15,mm
rosko,40,99.900002,8192,8192,8192,row-pattern,0.307154,0.337004,15,mm
rosko,40,99.900002,8192,8192,8192,column-pattern,0.251521,0.288544,15,mm
rosko,50,99.900002,8192,8192,8192,random-uniform,0.320231,0.360399,15,mm
rosko,50,99.900002,8192,8192,8192,diagonal,0.257165,0.296216,15,mm
rosko,50,99.900002,8192,8192,8192,row-pattern,0.283353,0.312123,15,mm
rosko,50,99.900002,8192,8192,8192,column-pattern,0.277494,0.324067,15,mm
rosko,75,99.900002,8192,8192,8192,random-uniform,0.313135,0.362369,15,mm
rosko,75,99.900002,8192,8192,8192,diagonal,0.278345,0.319342,15,mm
rosko,75,99.900002,8192,8192,8192,row-pattern,0.335345,0.366450,15,mm
rosko,75,99.900002,8192,8192,8192,column-pattern,0.267539,0.306843,15,mm
rosko,100,99.900002,8192,8192,8192,random-uniform,0.343788,0.385107,15,mm
rosko,100,99.900002,8192,8192,8192,diagonal,0.287220,0.334186,15,mm
rosko,100,99.900002,8192,8192,8192,row-pattern,0.332823,0.367512,15,mm
rosko,100,99.900002,8192,8192,8192,column-pattern,0.259432,0.301631,15,mm
rosko,125,99.900002,8192,8192,8192,random-uniform,0.341041,0.385324,15,mm
rosko,125,99.900002,8192,8192,8192,diagonal,0.318540,0.364758,15,mm
rosko,125,99.900002,8192,8192,8192,row-pattern,0.336618,0.370795,15,mm
rosko,125,99.900002,8192,8192,8192,column-pattern,0.302236,0.346418,15,mm
rosko,150,99.900002,8192,8192,8192,random-uniform,0.423898,0.478629,15,mm
rosko,150,99.900002,8192,8192,8192,diagonal,0.344903,0.395233,15,mm
rosko,150,99.900002,8192,8192,8192,row-pattern,0.408871,0.448401,15,mm
rosko,150,99.900002,8192,8192,8192,column-pattern,0.338975,0.386750,15,mm
rosko,175,99.900002,8192,8192,8192,random-uniform,0.390221,0.437128,15,mm
rosko,175,99.900002,8192,8192,8192,diagonal,0.312715,0.366225,15,mm
rosko,175,99.900002,8192,8192,8192,row-pattern,0.375020,0.411352,15,mm
rosko,175,99.900002,8192,8192,8192,column-pattern,0.324397,0.371402,15,mm
rosko,200,99.900002,8192,8192,8192,random-uniform,0.397698,0.445021,15,mm
rosko,200,99.900002,8192,8192,8192,diagonal,0.341902,0.390046,15,mm
rosko,200,99.900002,8192,8192,8192,row-pattern,0.400305,0.442832,15,mm
rosko,200,99.900002,8192,8192,8192,column-pattern,0.328985,0.374070,15,mm
rosko,300,99.900002,8192,8192,8192,random-uniform,0.572342,0.637084,15,mm
rosko,300,99.900002,8192,8192,8192,diagonal,0.457095,0.514041,15,mm
rosko,300,99.900002,8192,8192,8192,row-pattern,0.553544,0.601523,15,mm
rosko,300,99.900002,8192,8192,8192,column-pattern,0.478145,0.532959,15,mm
