algo,p,sp,N,rosko-time,outer-time,ntrials, measured
rosko,5,75.000000,4000,0.608672,0.609225,15,all
rosko,10,75.000000,4000,0.380998,0.381594,15,all
rosko,14,75.000000,4000,0.300580,0.301377,15,all
rosko,20,75.000000,4000,0.247402,0.248314,15,all
rosko,40,75.000000,4000,0.203589,0.204179,15,all
rosko,50,75.000000,4000,0.200432,0.201054,15,all
rosko,100,75.000000,4000,0.195826,0.196473,15,all
rosko,300,75.000000,4000,0.384545,0.385167,15,all
rosko,1000,75.000000,4000,0.421662,0.421913,15,all
rosko,10000,75.000000,4000,2.047437,2.047684,15,all
rosko,5,75.000000,4000,0.602561,0.603180,15,packing
rosko,10,75.000000,4000,0.386317,0.387193,15,packing
rosko,14,75.000000,4000,0.299585,0.300614,15,packing
rosko,20,75.000000,4000,0.248442,0.249567,15,packing
rosko,40,75.000000,4000,0.201713,0.202439,15,packing
rosko,50,75.000000,4000,0.196311,0.197057,15,packing
rosko,100,75.000000,4000,0.197240,0.197977,15,packing
rosko,300,75.000000,4000,0.375922,0.376572,15,packing
rosko,1000,75.000000,4000,0.420915,0.421216,15,packing
rosko,10000,75.000000,4000,2.155841,2.156139,15,packing
rosko,5,75.000000,4000,0.587772,0.609349,15,mm
rosko,10,75.000000,4000,0.365098,0.381462,15,mm
rosko,14,75.000000,4000,0.285073,0.299979,15,mm
rosko,20,75.000000,4000,0.225018,0.248166,15,mm
rosko,40,75.000000,4000,0.184557,0.203086,15,mm
rosko,50,75.000000,4000,0.176022,0.195564,15,mm
rosko,100,75.000000,4000,0.171858,0.197071,15,mm
rosko,300,75.000000,4000,0.318597,0.381077,15,mm
rosko,1000,75.000000,4000,0.364717,0.433587,15,mm
rosko,10000,75.000000,4000,1.371274,2.100727,15,mm
