algo,p,sp,N,rosko-time,outer-time,ntrials, measured
rosko,5,75.000000,6000,2.061038,2.061949,10,all
rosko,10,75.000000,6000,1.257024,1.258297,10,all
rosko,14,75.000000,6000,0.958813,0.960257,10,all
rosko,20,75.000000,6000,0.738132,0.739652,10,all
rosko,40,75.000000,6000,0.627448,0.628458,10,all
rosko,50,75.000000,6000,0.608615,0.609672,10,all
rosko,100,75.000000,6000,0.599140,0.600120,10,all
rosko,300,75.000000,6000,1.057591,1.058134,10,all
rosko,10000,75.000000,6000,3.139239,3.139777,10,all
rosko,5,75.000000,6000,0.048303,2.101925,10,packing
rosko,10,75.000000,6000,0.033153,1.235739,10,packing
rosko,14,75.000000,6000,0.034992,0.966190,10,packing
rosko,20,75.000000,6000,0.044556,0.748065,10,packing
rosko,40,75.000000,6000,0.041471,0.622175,10,packing
rosko,50,75.000000,6000,0.041409,0.601889,10,packing
rosko,100,75.000000,6000,0.057270,0.597019,10,packing
rosko,300,75.000000,6000,0.116215,1.061214,10,packing
rosko,10000,75.000000,6000,1.062799,3.269056,10,packing
rosko,5,75.000000,6000,2.041764,2.090624,10,mm
rosko,10,75.000000,6000,1.225177,1.260527,10,mm
rosko,14,75.000000,6000,0.938986,0.976706,10,mm
rosko,20,75.000000,6000,0.760188,0.824101,10,mm
rosko,40,75.000000,6000,0.603508,0.644728,10,mm
rosko,50,75.000000,6000,0.559306,0.605392,10,mm
rosko,100,75.000000,6000,0.537902,0.593752,10,mm
rosko,300,75.000000,6000,0.949632,1.064387,10,mm
rosko,10000,75.000000,6000,2.185661,3.218605,10,mm
