algo,p,sp,N,rosko-time,outer-time,ntrials, measured
rosko,225,80.000000,6000,1.453801,1.454588,10,all
rosko,230,80.000000,6000,1.458446,1.459194,10,all
rosko,235,80.000000,6000,1.555404,1.556207,10,all
rosko,240,80.000000,6000,1.523179,1.523906,10,all
rosko,245,80.000000,6000,1.531074,1.531841,10,all
rosko,250,80.000000,6000,1.419896,1.420751,10,all
rosko,255,80.000000,6000,1.369620,1.370459,10,all
rosko,260,80.000000,6000,1.401613,1.402385,10,all
rosko,265,80.000000,6000,1.391174,1.391979,10,all
rosko,270,80.000000,6000,1.394735,1.395477,10,all
rosko,225,80.000000,6000,1.456133,1.457052,10,packing
rosko,230,80.000000,6000,1.492984,1.493761,10,packing
rosko,235,80.000000,6000,1.505604,1.506380,10,packing
rosko,240,80.000000,6000,1.516959,1.517851,10,packing
rosko,245,80.000000,6000,1.529025,1.529986,10,packing
rosko,250,80.000000,6000,1.446024,1.446839,10,packing
rosko,255,80.000000,6000,1.380516,1.381375,10,packing
rosko,260,80.000000,6000,1.387915,1.388750,10,packing
rosko,265,80.000000,6000,1.394402,1.395252,10,packing
rosko,270,80.000000,6000,1.408778,1.409644,10,packing
rosko,225,80.000000,6000,1.230306,1.450529,10,mm
rosko,230,80.000000,6000,1.245069,1.474367,10,mm
rosko,235,80.000000,6000,1.279863,1.515614,10,mm
rosko,240,80.000000,6000,1.276432,1.516119,10,mm
rosko,245,80.000000,6000,1.297906,1.535762,10,mm
rosko,250,80.000000,6000,1.233735,1.429715,10,mm
rosko,255,80.000000,6000,1.222278,1.429596,10,mm
rosko,260,80.000000,6000,1.198092,1.397363,10,mm
rosko,265,80.000000,6000,1.186230,1.383741,10,mm
rosko,270,80.000000,6000,1.205897,1.406795,10,mm
