algo,p,sp,M,K,N,sppattern,rosko-time,outer-time,ntrials,measure
rosko,4,60.000000,6144,6144,6144,random-uniform,4.214475,4.362287,15,mm
rosko,4,60.000000,6144,6144,6144,diagonal,2.425774,2.493949,15,mm
rosko,4,60.000000,6144,6144,6144,row-pattern,2.984349,3.073152,15,mm
rosko,4,60.000000,6144,6144,6144,column-pattern,2.574890,2.666034,15,mm
rosko,5,60.000000,6144,6144,6144,random-uniform,4.835918,5.033478,15,mm
rosko,5,60.000000,6144,6144,6144,diagonal,2.733357,2.823454,15,mm
rosko,5,60.000000,6144,6144,6144,row-pattern,3.546781,3.671713,15,mm
rosko,5,60.000000,6144,6144,6144,column-pattern,3.097764,3.224219,15,mm
rosko,6,60.000000,6144,6144,6144,random-uniform,4.026439,4.197944,15,mm
rosko,6,60.000000,6144,6144,6144,diagonal,2.411957,2.495054,15,mm
rosko,6,60.000000,6144,6144,6144,row-pattern,3.100754,3.211223,15,mm
rosko,6,60.000000,6144,6144,6144,column-pattern,2.644962,2.757706,15,mm
rosko,7,60.000000,6144,6144,6144,random-uniform,3.920666,4.072327,15,mm
rosko,7,60.000000,6144,6144,6144,diagonal,2.384061,2.459594,15,mm
rosko,7,60.000000,6144,6144,6144,row-pattern,3.110699,3.212057,15,mm
rosko,7,60.000000,6144,6144,6144,column-pattern,2.660859,2.764040,15,mm
rosko,8,60.000000,6144,6144,6144,random-uniform,3.807564,3.964110,15,mm
rosko,8,60.000000,6144,6144,6144,diagonal,2.361160,2.440667,15,mm
rosko,8,60.000000,6144,6144,6144,row-pattern,3.038851,3.152932,15,mm
rosko,8,60.000000,6144,6144,6144,column-pattern,2.610338,2.719118,15,mm
rosko,9,60.000000,6144,6144,6144,random-uniform,3.853138,4.023252,15,mm
rosko,9,60.000000,6144,6144,6144,diagonal,2.405656,2.485400,15,mm
rosko,9,60.000000,6144,6144,6144,row-pattern,3.125307,3.236167,15,mm
rosko,9,60.000000,6144,6144,6144,column-pattern,2.703451,2.816989,15,mm
rosko,10,60.000000,6144,6144,6144,random-uniform,3.706516,3.865280,15,mm
rosko,10,60.000000,6144,6144,6144,diagonal,2.362607,2.439084,15,mm
rosko,10,60.000000,6144,6144,6144,row-pattern,3.092903,3.196835,15,mm
rosko,10,60.000000,6144,6144,6144,column-pattern,2.682680,2.788668,15,mm
rosko,12,60.000000,6144,6144,6144,random-uniform,3.544268,3.688875,15,mm
rosko,12,60.000000,6144,6144,6144,diagonal,2.354663,2.432830,15,mm
rosko,12,60.000000,6144,6144,6144,row-pattern,3.075919,3.181860,15,mm
rosko,12,60.000000,6144,6144,6144,column-pattern,2.718477,2.824677,15,mm
rosko,14,60.000000,6144,6144,6144,random-uniform,3.483124,3.637551,15,mm
rosko,14,60.000000,6144,6144,6144,diagonal,2.362863,2.440555,15,mm
rosko,14,60.000000,6144,6144,6144,row-pattern,3.121089,3.224827,15,mm
rosko,14,60.000000,6144,6144,6144,column-pattern,2.728501,2.833674,15,mm
rosko,16,60.000000,6144,6144,6144,random-uniform,3.382200,3.529161,15,mm
rosko,16,60.000000,6144,6144,6144,diagonal,2.317238,2.396057,15,mm
rosko,16,60.000000,6144,6144,6144,row-pattern,3.106162,3.211732,15,mm
rosko,16,60.000000,6144,6144,6144,column-pattern,2.734273,2.841805,15,mm
rosko,18,60.000000,6144,6144,6144,random-uniform,3.253166,3.403942,15,mm
rosko,18,60.000000,6144,6144,6144,diagonal,2.313715,2.393575,15,mm
rosko,18,60.000000,6144,6144,6144,row-pattern,3.108441,3.212796,15,mm
rosko,18,60.000000,6144,6144,6144,column-pattern,2.754787,2.861699,15,mm
rosko,20,60.000000,6144,6144,6144,random-uniform,3.225069,3.371391,15,mm
rosko,20,60.000000,6144,6144,6144,diagonal,2.312568,2.391556,15,mm
rosko,20,60.000000,6144,6144,6144,row-pattern,3.127774,3.233314,15,mm
rosko,20,60.000000,6144,6144,6144,column-pattern,2.762749,2.869207,15,mm
rosko,25,60.000000,6144,6144,6144,random-uniform,3.175094,3.327621,15,mm
rosko,25,60.000000,6144,6144,6144,diagonal,2.316731,2.395913,15,mm
rosko,25,60.000000,6144,6144,6144,row-pattern,3.099844,3.201023,15,mm
rosko,25,60.000000,6144,6144,6144,column-pattern,2.803321,2.908852,15,mm
rosko,30,60.000000,6144,6144,6144,random-uniform,3.167500,3.316163,15,mm
rosko,30,60.000000,6144,6144,6144,diagonal,2.320494,2.402394,15,mm
rosko,30,60.000000,6144,6144,6144,row-pattern,3.115949,3.219525,15,mm
rosko,30,60.000000,6144,6144,6144,column-pattern,2.847609,2.953009,15,mm
rosko,35,60.000000,6144,6144,6144,random-uniform,3.155696,3.304829,15,mm
rosko,35,60.000000,6144,6144,6144,diagonal,2.325752,2.408364,15,mm
rosko,35,60.000000,6144,6144,6144,row-pattern,3.139188,3.247029,15,mm
rosko,35,60.000000,6144,6144,6144,column-pattern,2.889362,2.999508,15,mm
rosko,40,60.000000,6144,6144,6144,random-uniform,3.236389,3.393270,15,mm
rosko,40,60.000000,6144,6144,6144,diagonal,2.327860,2.415056,15,mm
rosko,40,60.000000,6144,6144,6144,row-pattern,3.242776,3.354208,15,mm
rosko,40,60.000000,6144,6144,6144,column-pattern,3.067766,3.183566,15,mm
rosko,50,60.000000,6144,6144,6144,random-uniform,3.293125,3.454333,15,mm
rosko,50,60.000000,6144,6144,6144,diagonal,2.347621,2.439553,15,mm
rosko,50,60.000000,6144,6144,6144,row-pattern,3.319320,3.433673,15,mm
rosko,50,60.000000,6144,6144,6144,column-pattern,3.185879,3.303321,15,mm
rosko,75,60.000000,6144,6144,6144,random-uniform,3.422093,3.591528,15,mm
rosko,75,60.000000,6144,6144,6144,diagonal,2.364169,2.458970,15,mm
rosko,75,60.000000,6144,6144,6144,row-pattern,3.490321,3.611502,15,mm
rosko,75,60.000000,6144,6144,6144,column-pattern,3.537880,3.659588,15,mm
rosko,100,60.000000,6144,6144,6144,random-uniform,3.762147,3.948793,15,mm
rosko,100,60.000000,6144,6144,6144,diagonal,2.428722,2.543533,15,mm
rosko,100,60.000000,6144,6144,6144,row-pattern,3.772738,3.909968,15,mm
rosko,100,60.000000,6144,6144,6144,column-pattern,4.095526,4.235973,15,mm
rosko,125,60.000000,6144,6144,6144,random-uniform,4.437040,4.665684,15,mm
rosko,125,60.000000,6144,6144,6144,diagonal,2.506276,2.663233,15,mm
rosko,125,60.000000,6144,6144,6144,row-pattern,4.549018,4.729300,15,mm
rosko,125,60.000000,6144,6144,6144,column-pattern,5.604501,5.785384,15,mm
rosko,150,60.000000,6144,6144,6144,random-uniform,4.601410,4.821677,15,mm
rosko,150,60.000000,6144,6144,6144,diagonal,2.545504,2.695251,15,mm
rosko,150,60.000000,6144,6144,6144,row-pattern,4.566793,4.738968,15,mm
rosko,150,60.000000,6144,6144,6144,column-pattern,5.724701,5.899336,15,mm
rosko,175,60.000000,6144,6144,6144,random-uniform,4.755232,4.978337,15,mm
rosko,175,60.000000,6144,6144,6144,diagonal,2.597743,2.746316,15,mm
rosko,175,60.000000,6144,6144,6144,row-pattern,4.704070,4.875939,15,mm
rosko,175,60.000000,6144,6144,6144,column-pattern,5.503541,5.675434,15,mm
rosko,200,60.000000,6144,6144,6144,random-uniform,4.795359,5.033257,15,mm
rosko,200,60.000000,6144,6144,6144,diagonal,2.675637,2.836736,15,mm
rosko,200,60.000000,6144,6144,6144,row-pattern,4.746983,4.932561,15,mm
rosko,200,60.000000,6144,6144,6144,column-pattern,5.599136,5.787077,15,mm
rosko,4,70.000000,6144,6144,6144,random-uniform,3.470086,3.588116,15,mm
rosko,4,70.000000,6144,6144,6144,diagonal,1.882636,1.943971,15,mm
rosko,4,70.000000,6144,6144,6144,row-pattern,2.569702,2.650951,15,mm
rosko,4,70.000000,6144,6144,6144,column-pattern,2.001342,2.086993,15,mm
rosko,5,70.000000,6144,6144,6144,random-uniform,4.056814,4.226167,15,mm
rosko,5,70.000000,6144,6144,6144,diagonal,2.152855,2.233986,15,mm
rosko,5,70.000000,6144,6144,6144,row-pattern,2.891294,3.002927,15,mm
rosko,5,70.000000,6144,6144,6144,column-pattern,2.382346,2.500751,15,mm
rosko,6,70.000000,6144,6144,6144,random-uniform,3.351599,3.498958,15,mm
rosko,6,70.000000,6144,6144,6144,diagonal,1.886222,1.959413,15,mm
rosko,6,70.000000,6144,6144,6144,row-pattern,2.554430,2.654537,15,mm
rosko,6,70.000000,6144,6144,6144,column-pattern,2.020529,2.126250,15,mm
rosko,7,70.000000,6144,6144,6144,random-uniform,3.290871,3.423705,15,mm
rosko,7,70.000000,6144,6144,6144,diagonal,1.867428,1.935082,15,mm
rosko,7,70.000000,6144,6144,6144,row-pattern,2.599721,2.691603,15,mm
rosko,7,70.000000,6144,6144,6144,column-pattern,2.052228,2.148862,15,mm
rosko,8,70.000000,6144,6144,6144,random-uniform,3.196031,3.322840,15,mm
rosko,8,70.000000,6144,6144,6144,diagonal,1.843148,1.913225,15,mm
rosko,8,70.000000,6144,6144,6144,row-pattern,2.546622,2.638851,15,mm
rosko,8,70.000000,6144,6144,6144,column-pattern,2.015741,2.123070,15,mm
rosko,9,70.000000,6144,6144,6144,random-uniform,3.246158,3.394382,15,mm
rosko,9,70.000000,6144,6144,6144,diagonal,1.874429,1.947180,15,mm
rosko,9,70.000000,6144,6144,6144,row-pattern,2.597641,2.698146,15,mm
rosko,9,70.000000,6144,6144,6144,column-pattern,2.112361,2.217561,15,mm
rosko,10,70.000000,6144,6144,6144,random-uniform,3.117753,3.254141,15,mm
rosko,10,70.000000,6144,6144,6144,diagonal,1.836694,1.906022,15,mm
rosko,10,70.000000,6144,6144,6144,row-pattern,2.593833,2.689868,15,mm
rosko,10,70.000000,6144,6144,6144,column-pattern,2.066824,2.165292,15,mm
rosko,12,70.000000,6144,6144,6144,random-uniform,3.032425,3.158804,15,mm
rosko,12,70.000000,6144,6144,6144,diagonal,1.842956,1.911452,15,mm
rosko,12,70.000000,6144,6144,6144,row-pattern,2.583686,2.681734,15,mm
rosko,12,70.000000,6144,6144,6144,column-pattern,2.120540,2.221794,15,mm
rosko,14,70.000000,6144,6144,6144,random-uniform,2.945100,3.078366,15,mm
rosko,14,70.000000,6144,6144,6144,diagonal,1.850315,1.921662,15,mm
rosko,14,70.000000,6144,6144,6144,row-pattern,2.607921,2.702687,15,mm
rosko,14,70.000000,6144,6144,6144,column-pattern,2.102472,2.200119,15,mm
rosko,16,70.000000,6144,6144,6144,random-uniform,2.857502,2.983779,15,mm
rosko,16,70.000000,6144,6144,6144,diagonal,1.831919,1.901070,15,mm
rosko,16,70.000000,6144,6144,6144,row-pattern,2.557668,2.652774,15,mm
rosko,16,70.000000,6144,6144,6144,column-pattern,2.134357,2.232923,15,mm
rosko,18,70.000000,6144,6144,6144,random-uniform,2.796591,2.926493,15,mm
rosko,18,70.000000,6144,6144,6144,diagonal,1.823515,1.891969,15,mm
rosko,18,70.000000,6144,6144,6144,row-pattern,2.594614,2.688311,15,mm
rosko,18,70.000000,6144,6144,6144,column-pattern,2.154595,2.251558,15,mm
rosko,20,70.000000,6144,6144,6144,random-uniform,2.752453,2.879665,15,mm
rosko,20,70.000000,6144,6144,6144,diagonal,1.821528,1.893267,15,mm
rosko,20,70.000000,6144,6144,6144,row-pattern,2.617892,2.714291,15,mm
rosko,20,70.000000,6144,6144,6144,column-pattern,2.160925,2.260634,15,mm
rosko,25,70.000000,6144,6144,6144,random-uniform,2.663503,2.795279,15,mm
rosko,25,70.000000,6144,6144,6144,diagonal,1.814675,1.887556,15,mm
rosko,25,70.000000,6144,6144,6144,row-pattern,2.620122,2.716314,15,mm
rosko,25,70.000000,6144,6144,6144,column-pattern,2.211324,2.310346,15,mm
rosko,30,70.000000,6144,6144,6144,random-uniform,2.655577,2.784149,15,mm
rosko,30,70.000000,6144,6144,6144,diagonal,1.816071,1.887559,15,mm
rosko,30,70.000000,6144,6144,6144,row-pattern,2.617047,2.713104,15,mm
rosko,30,70.000000,6144,6144,6144,column-pattern,2.262775,2.362576,15,mm
rosko,35,70.000000,6144,6144,6144,random-uniform,2.690853,2.820988,15,mm
rosko,35,70.000000,6144,6144,6144,diagonal,1.838953,1.912767,15,mm
rosko,35,70.000000,6144,6144,6144,row-pattern,2.712430,2.809525,15,mm
rosko,35,70.000000,6144,6144,6144,column-pattern,2.317319,2.416884,15,mm
rosko,40,70.000000,6144,6144,6144,random-uniform,2.753245,2.890065,15,mm
rosko,40,70.000000,6144,6144,6144,diagonal,1.832970,1.910158,15,mm
rosko,40,70.000000,6144,6144,6144,row-pattern,2.751248,2.853020,15,mm
rosko,40,70.000000,6144,6144,6144,column-pattern,2.462042,2.565085,15,mm
rosko,50,70.000000,6144,6144,6144,random-uniform,2.808646,2.948593,15,mm
rosko,50,70.000000,6144,6144,6144,diagonal,1.847439,1.927898,15,mm
rosko,50,70.000000,6144,6144,6144,row-pattern,2.784615,2.889689,15,mm
rosko,50,70.000000,6144,6144,6144,column-pattern,2.575673,2.682881,15,mm
rosko,75,70.000000,6144,6144,6144,random-uniform,2.987068,3.132181,15,mm
rosko,75,70.000000,6144,6144,6144,diagonal,1.888122,1.974871,15,mm
rosko,75,70.000000,6144,6144,6144,row-pattern,3.018178,3.128480,15,mm
rosko,75,70.000000,6144,6144,6144,column-pattern,2.861560,2.975028,15,mm
rosko,100,70.000000,6144,6144,6144,random-uniform,3.327823,3.491425,15,mm
rosko,100,70.000000,6144,6144,6144,diagonal,1.949598,2.053549,15,mm
rosko,100,70.000000,6144,6144,6144,row-pattern,3.293971,3.419705,15,mm
rosko,100,70.000000,6144,6144,6144,column-pattern,3.380084,3.507203,15,mm
rosko,125,70.000000,6144,6144,6144,random-uniform,4.048970,4.247879,15,mm
rosko,125,70.000000,6144,6144,6144,diagonal,1.967717,2.108449,15,mm
rosko,125,70.000000,6144,6144,6144,row-pattern,3.868587,4.030132,15,mm
rosko,125,70.000000,6144,6144,6144,column-pattern,5.045535,5.208827,15,mm
rosko,150,70.000000,6144,6144,6144,random-uniform,4.195645,4.389054,15,mm
rosko,150,70.000000,6144,6144,6144,diagonal,1.996946,2.130611,15,mm
rosko,150,70.000000,6144,6144,6144,row-pattern,4.023166,4.177978,15,mm
rosko,150,70.000000,6144,6144,6144,column-pattern,4.955061,5.112114,15,mm
rosko,175,70.000000,6144,6144,6144,random-uniform,4.336324,4.530417,15,mm
rosko,175,70.000000,6144,6144,6144,diagonal,2.044391,2.176592,15,mm
rosko,175,70.000000,6144,6144,6144,row-pattern,4.170049,4.326338,15,mm
rosko,175,70.000000,6144,6144,6144,column-pattern,4.939931,5.099862,15,mm
rosko,200,70.000000,6144,6144,6144,random-uniform,4.512067,4.720425,15,mm
rosko,200,70.000000,6144,6144,6144,diagonal,2.119052,2.264611,15,mm
rosko,200,70.000000,6144,6144,6144,row-pattern,4.257510,4.425164,15,mm
rosko,200,70.000000,6144,6144,6144,column-pattern,4.762851,4.935345,15,mm
rosko,4,80.000000,6144,6144,6144,random-uniform,2.315735,2.412315,15,mm
rosko,4,80.000000,6144,6144,6144,diagonal,1.317789,1.374464,15,mm
rosko,4,80.000000,6144,6144,6144,row-pattern,1.992119,2.063342,15,mm
rosko,4,80.000000,6144,6144,6144,column-pattern,1.406259,1.482174,15,mm
rosko,5,80.000000,6144,6144,6144,random-uniform,2.699753,2.835796,15,mm
rosko,5,80.000000,6144,6144,6144,diagonal,1.497547,1.570063,15,mm
rosko,5,80.000000,6144,6144,6144,row-pattern,2.246379,2.346277,15,mm
rosko,5,80.000000,6144,6144,6144,column-pattern,1.652849,1.757511,15,mm
rosko,6,80.000000,6144,6144,6144,random-uniform,2.232923,2.352239,15,mm
rosko,6,80.000000,6144,6144,6144,diagonal,1.325408,1.391126,15,mm
rosko,6,80.000000,6144,6144,6144,row-pattern,1.992577,2.081386,15,mm
rosko,6,80.000000,6144,6144,6144,column-pattern,1.408623,1.499650,15,mm
rosko,7,80.000000,6144,6144,6144,random-uniform,2.201581,2.308915,15,mm
rosko,7,80.000000,6144,6144,6144,diagonal,1.307477,1.372239,15,mm
rosko,7,80.000000,6144,6144,6144,row-pattern,2.003213,2.083036,15,mm
rosko,7,80.000000,6144,6144,6144,column-pattern,1.431856,1.516267,15,mm
rosko,8,80.000000,6144,6144,6144,random-uniform,2.108342,2.212283,15,mm
rosko,8,80.000000,6144,6144,6144,diagonal,1.304241,1.365907,15,mm
rosko,8,80.000000,6144,6144,6144,row-pattern,1.971900,2.052120,15,mm
rosko,8,80.000000,6144,6144,6144,column-pattern,1.391007,1.478750,15,mm
rosko,9,80.000000,6144,6144,6144,random-uniform,2.133211,2.253825,15,mm
rosko,9,80.000000,6144,6144,6144,diagonal,1.331620,1.396410,15,mm
rosko,9,80.000000,6144,6144,6144,row-pattern,1.993283,2.080993,15,mm
rosko,9,80.000000,6144,6144,6144,column-pattern,1.473762,1.566234,15,mm
rosko,10,80.000000,6144,6144,6144,random-uniform,2.055326,2.166647,15,mm
rosko,10,80.000000,6144,6144,6144,diagonal,1.304782,1.368134,15,mm
rosko,10,80.000000,6144,6144,6144,row-pattern,2.002779,2.086151,15,mm
rosko,10,80.000000,6144,6144,6144,column-pattern,1.442344,1.528871,15,mm
rosko,12,80.000000,6144,6144,6144,random-uniform,1.998668,2.103408,15,mm
rosko,12,80.000000,6144,6144,6144,diagonal,1.301609,1.364917,15,mm
rosko,12,80.000000,6144,6144,6144,row-pattern,2.018139,2.101676,15,mm
rosko,12,80.000000,6144,6144,6144,column-pattern,1.462003,1.550597,15,mm
rosko,14,80.000000,6144,6144,6144,random-uniform,1.993807,2.102562,15,mm
rosko,14,80.000000,6144,6144,6144,diagonal,1.292027,1.355075,15,mm
rosko,14,80.000000,6144,6144,6144,row-pattern,2.019087,2.099931,15,mm
rosko,14,80.000000,6144,6144,6144,column-pattern,1.458446,1.544671,15,mm
rosko,16,80.000000,6144,6144,6144,random-uniform,1.976914,2.080420,15,mm
rosko,16,80.000000,6144,6144,6144,diagonal,1.291327,1.354051,15,mm
rosko,16,80.000000,6144,6144,6144,row-pattern,2.054695,2.137328,15,mm
rosko,16,80.000000,6144,6144,6144,column-pattern,1.485409,1.571839,15,mm
rosko,18,80.000000,6144,6144,6144,random-uniform,1.991645,2.097771,15,mm
rosko,18,80.000000,6144,6144,6144,diagonal,1.291518,1.352762,15,mm
rosko,18,80.000000,6144,6144,6144,row-pattern,2.040174,2.121988,15,mm
rosko,18,80.000000,6144,6144,6144,column-pattern,1.485338,1.569275,15,mm
rosko,20,80.000000,6144,6144,6144,random-uniform,1.965137,2.069534,15,mm
rosko,20,80.000000,6144,6144,6144,diagonal,1.285442,1.348039,15,mm
rosko,20,80.000000,6144,6144,6144,row-pattern,2.062314,2.144251,15,mm
rosko,20,80.000000,6144,6144,6144,column-pattern,1.496480,1.581096,15,mm
rosko,25,80.000000,6144,6144,6144,random-uniform,1.997540,2.104713,15,mm
rosko,25,80.000000,6144,6144,6144,diagonal,1.295130,1.359012,15,mm
rosko,25,80.000000,6144,6144,6144,row-pattern,2.080704,2.161932,15,mm
rosko,25,80.000000,6144,6144,6144,column-pattern,1.536684,1.621453,15,mm
rosko,30,80.000000,6144,6144,6144,random-uniform,2.042232,2.148403,15,mm
rosko,30,80.000000,6144,6144,6144,diagonal,1.289819,1.356357,15,mm
rosko,30,80.000000,6144,6144,6144,row-pattern,2.075616,2.158344,15,mm
rosko,30,80.000000,6144,6144,6144,column-pattern,1.566400,1.652182,15,mm
rosko,35,80.000000,6144,6144,6144,random-uniform,2.069512,2.177355,15,mm
rosko,35,80.000000,6144,6144,6144,diagonal,1.305582,1.370400,15,mm
rosko,35,80.000000,6144,6144,6144,row-pattern,2.117842,2.201394,15,mm
rosko,35,80.000000,6144,6144,6144,column-pattern,1.615012,1.701218,15,mm
rosko,40,80.000000,6144,6144,6144,random-uniform,2.171618,2.284762,15,mm
rosko,40,80.000000,6144,6144,6144,diagonal,1.302980,1.372510,15,mm
rosko,40,80.000000,6144,6144,6144,row-pattern,2.198423,2.285714,15,mm
rosko,40,80.000000,6144,6144,6144,column-pattern,1.746580,1.837017,15,mm
rosko,50,80.000000,6144,6144,6144,random-uniform,2.275566,2.392224,15,mm
rosko,50,80.000000,6144,6144,6144,diagonal,1.301166,1.373236,15,mm
rosko,50,80.000000,6144,6144,6144,row-pattern,2.257586,2.346955,15,mm
rosko,50,80.000000,6144,6144,6144,column-pattern,1.855255,1.948051,15,mm
rosko,75,80.000000,6144,6144,6144,random-uniform,2.528462,2.648543,15,mm
rosko,75,80.000000,6144,6144,6144,diagonal,1.333311,1.409628,15,mm
rosko,75,80.000000,6144,6144,6144,row-pattern,2.527635,2.622687,15,mm
rosko,75,80.000000,6144,6144,6144,column-pattern,2.049862,2.148266,15,mm
rosko,100,80.000000,6144,6144,6144,random-uniform,2.944169,3.079279,15,mm
rosko,100,80.000000,6144,6144,6144,diagonal,1.365767,1.455679,15,mm
rosko,100,80.000000,6144,6144,6144,row-pattern,2.776576,2.885352,15,mm
rosko,100,80.000000,6144,6144,6144,column-pattern,2.373852,2.485840,15,mm
rosko,125,80.000000,6144,6144,6144,random-uniform,3.695434,3.859542,15,mm
rosko,125,80.000000,6144,6144,6144,diagonal,1.376145,1.497759,15,mm
rosko,125,80.000000,6144,6144,6144,row-pattern,2.961633,3.098746,15,mm
rosko,125,80.000000,6144,6144,6144,column-pattern,3.219252,3.361608,15,mm
rosko,150,80.000000,6144,6144,6144,random-uniform,3.843017,4.000973,15,mm
rosko,150,80.000000,6144,6144,6144,diagonal,1.376703,1.493332,15,mm
rosko,150,80.000000,6144,6144,6144,row-pattern,3.138835,3.270673,15,mm
rosko,150,80.000000,6144,6144,6144,column-pattern,3.646091,3.782795,15,mm
rosko,175,80.000000,6144,6144,6144,random-uniform,4.037085,4.197473,15,mm
rosko,175,80.000000,6144,6144,6144,diagonal,1.408923,1.524537,15,mm
rosko,175,80.000000,6144,6144,6144,row-pattern,3.318906,3.450512,15,mm
rosko,175,80.000000,6144,6144,6144,column-pattern,3.803023,3.941316,15,mm
rosko,200,80.000000,6144,6144,6144,random-uniform,4.296728,4.469268,15,mm
rosko,200,80.000000,6144,6144,6144,diagonal,1.455851,1.580785,15,mm
rosko,200,80.000000,6144,6144,6144,row-pattern,3.438756,3.582380,15,mm
rosko,200,80.000000,6144,6144,6144,column-pattern,3.752748,3.900951,15,mm
rosko,4,85.000000,6144,6144,6144,random-uniform,1.652870,1.741287,15,mm
rosko,4,85.000000,6144,6144,6144,diagonal,1.013406,1.066639,15,mm
rosko,4,85.000000,6144,6144,6144,row-pattern,1.631026,1.699470,15,mm
rosko,4,85.000000,6144,6144,6144,column-pattern,1.074714,1.147451,15,mm
rosko,5,85.000000,6144,6144,6144,random-uniform,1.915971,2.035844,15,mm
rosko,5,85.000000,6144,6144,6144,diagonal,1.172789,1.239163,15,mm
rosko,5,85.000000,6144,6144,6144,row-pattern,1.812467,1.901934,15,mm
rosko,5,85.000000,6144,6144,6144,column-pattern,1.289695,1.385520,15,mm
rosko,6,85.000000,6144,6144,6144,random-uniform,1.596260,1.701381,15,mm
rosko,6,85.000000,6144,6144,6144,diagonal,1.042202,1.103977,15,mm
rosko,6,85.000000,6144,6144,6144,row-pattern,1.669415,1.746761,15,mm
rosko,6,85.000000,6144,6144,6144,column-pattern,1.093602,1.178184,15,mm
rosko,7,85.000000,6144,6144,6144,random-uniform,1.558954,1.654083,15,mm
rosko,7,85.000000,6144,6144,6144,diagonal,1.027313,1.083661,15,mm
rosko,7,85.000000,6144,6144,6144,row-pattern,1.648306,1.722089,15,mm
rosko,7,85.000000,6144,6144,6144,column-pattern,1.111912,1.190792,15,mm
rosko,8,85.000000,6144,6144,6144,random-uniform,1.499418,1.592394,15,mm
rosko,8,85.000000,6144,6144,6144,diagonal,1.009886,1.067667,15,mm
rosko,8,85.000000,6144,6144,6144,row-pattern,1.620811,1.697300,15,mm
rosko,8,85.000000,6144,6144,6144,column-pattern,1.081199,1.167318,15,mm
rosko,9,85.000000,6144,6144,6144,random-uniform,1.563734,1.669029,15,mm
rosko,9,85.000000,6144,6144,6144,diagonal,1.029586,1.089290,15,mm
rosko,9,85.000000,6144,6144,6144,row-pattern,1.679844,1.758230,15,mm
rosko,9,85.000000,6144,6144,6144,column-pattern,1.136670,1.220484,15,mm
rosko,10,85.000000,6144,6144,6144,random-uniform,1.549489,1.647543,15,mm
rosko,10,85.000000,6144,6144,6144,diagonal,1.012999,1.071032,15,mm
rosko,10,85.000000,6144,6144,6144,row-pattern,1.671267,1.746137,15,mm
rosko,10,85.000000,6144,6144,6144,column-pattern,1.115843,1.196140,15,mm
rosko,12,85.000000,6144,6144,6144,random-uniform,1.602755,1.695912,15,mm
rosko,12,85.000000,6144,6144,6144,diagonal,1.015114,1.072809,15,mm
rosko,12,85.000000,6144,6144,6144,row-pattern,1.653644,1.728192,15,mm
rosko,12,85.000000,6144,6144,6144,column-pattern,1.136848,1.215832,15,mm
rosko,14,85.000000,6144,6144,6144,random-uniform,1.606494,1.702551,15,mm
rosko,14,85.000000,6144,6144,6144,diagonal,1.012807,1.071865,15,mm
rosko,14,85.000000,6144,6144,6144,row-pattern,1.708308,1.782830,15,mm
rosko,14,85.000000,6144,6144,6144,column-pattern,1.144083,1.222232,15,mm
rosko,16,85.000000,6144,6144,6144,random-uniform,1.613043,1.705558,15,mm
rosko,16,85.000000,6144,6144,6144,diagonal,1.010733,1.068410,15,mm
rosko,16,85.000000,6144,6144,6144,row-pattern,1.670517,1.744553,15,mm
rosko,16,85.000000,6144,6144,6144,column-pattern,1.136473,1.213944,15,mm
rosko,18,85.000000,6144,6144,6144,random-uniform,1.612799,1.707047,15,mm
rosko,18,85.000000,6144,6144,6144,diagonal,1.008461,1.065445,15,mm
rosko,18,85.000000,6144,6144,6144,row-pattern,1.685646,1.757258,15,mm
rosko,18,85.000000,6144,6144,6144,column-pattern,1.148851,1.226080,15,mm
rosko,20,85.000000,6144,6144,6144,random-uniform,1.616052,1.708079,15,mm
rosko,20,85.000000,6144,6144,6144,diagonal,1.010378,1.069008,15,mm
rosko,20,85.000000,6144,6144,6144,row-pattern,1.717489,1.791231,15,mm
rosko,20,85.000000,6144,6144,6144,column-pattern,1.156737,1.234076,15,mm
rosko,25,85.000000,6144,6144,6144,random-uniform,1.674988,1.771235,15,mm
rosko,25,85.000000,6144,6144,6144,diagonal,1.003030,1.062641,15,mm
rosko,25,85.000000,6144,6144,6144,row-pattern,1.749225,1.822257,15,mm
rosko,25,85.000000,6144,6144,6144,column-pattern,1.183563,1.261535,15,mm
rosko,30,85.000000,6144,6144,6144,random-uniform,1.712860,1.807624,15,mm
rosko,30,85.000000,6144,6144,6144,diagonal,1.010510,1.071082,15,mm
rosko,30,85.000000,6144,6144,6144,row-pattern,1.788242,1.862863,15,mm
rosko,30,85.000000,6144,6144,6144,column-pattern,1.221549,1.300174,15,mm
rosko,35,85.000000,6144,6144,6144,random-uniform,1.766417,1.860856,15,mm
rosko,35,85.000000,6144,6144,6144,diagonal,1.011862,1.073347,15,mm
rosko,35,85.000000,6144,6144,6144,row-pattern,1.824409,1.899678,15,mm
rosko,35,85.000000,6144,6144,6144,column-pattern,1.237663,1.315951,15,mm
rosko,40,85.000000,6144,6144,6144,random-uniform,1.882383,1.982401,15,mm
rosko,40,85.000000,6144,6144,6144,diagonal,1.000278,1.064323,15,mm
rosko,40,85.000000,6144,6144,6144,row-pattern,1.896299,1.975840,15,mm
rosko,40,85.000000,6144,6144,6144,column-pattern,1.304279,1.387398,15,mm
rosko,50,85.000000,6144,6144,6144,random-uniform,2.013495,2.116925,15,mm
rosko,50,85.000000,6144,6144,6144,diagonal,1.018455,1.084630,15,mm
rosko,50,85.000000,6144,6144,6144,row-pattern,2.014488,2.095854,15,mm
rosko,50,85.000000,6144,6144,6144,column-pattern,1.350010,1.436677,15,mm
rosko,75,85.000000,6144,6144,6144,random-uniform,2.303092,2.409925,15,mm
rosko,75,85.000000,6144,6144,6144,diagonal,1.035190,1.105773,15,mm
rosko,75,85.000000,6144,6144,6144,row-pattern,2.213474,2.299674,15,mm
rosko,75,85.000000,6144,6144,6144,column-pattern,1.473694,1.564837,15,mm
rosko,100,85.000000,6144,6144,6144,random-uniform,2.727515,2.846189,15,mm
rosko,100,85.000000,6144,6144,6144,diagonal,1.037423,1.119168,15,mm
rosko,100,85.000000,6144,6144,6144,row-pattern,2.374363,2.471331,15,mm
rosko,100,85.000000,6144,6144,6144,column-pattern,1.725767,1.829044,15,mm
rosko,125,85.000000,6144,6144,6144,random-uniform,3.546388,3.692818,15,mm
rosko,125,85.000000,6144,6144,6144,diagonal,1.063564,1.176045,15,mm
rosko,125,85.000000,6144,6144,6144,row-pattern,2.409214,2.532862,15,mm
rosko,125,85.000000,6144,6144,6144,column-pattern,1.303940,1.433764,15,mm
rosko,150,85.000000,6144,6144,6144,random-uniform,3.677091,3.818891,15,mm
rosko,150,85.000000,6144,6144,6144,diagonal,1.055390,1.160901,15,mm
rosko,150,85.000000,6144,6144,6144,row-pattern,2.539043,2.657405,15,mm
rosko,150,85.000000,6144,6144,6144,column-pattern,1.342315,1.469162,15,mm
rosko,175,85.000000,6144,6144,6144,random-uniform,3.856499,4.000982,15,mm
rosko,175,85.000000,6144,6144,6144,diagonal,1.067921,1.175438,15,mm
rosko,175,85.000000,6144,6144,6144,row-pattern,2.659257,2.779233,15,mm
rosko,175,85.000000,6144,6144,6144,column-pattern,1.373580,1.499914,15,mm
rosko,200,85.000000,6144,6144,6144,random-uniform,4.128887,4.283086,15,mm
rosko,200,85.000000,6144,6144,6144,diagonal,1.102611,1.217927,15,mm
rosko,200,85.000000,6144,6144,6144,row-pattern,2.855117,2.985551,15,mm
rosko,200,85.000000,6144,6144,6144,column-pattern,1.700511,1.836282,15,mm
rosko,4,90.000000,6144,6144,6144,random-uniform,1.085855,1.163503,15,mm
rosko,4,90.000000,6144,6144,6144,diagonal,0.733539,0.783764,15,mm
rosko,4,90.000000,6144,6144,6144,row-pattern,1.226345,1.285969,15,mm
rosko,4,90.000000,6144,6144,6144,column-pattern,0.774501,0.842130,15,mm
rosko,5,90.000000,6144,6144,6144,random-uniform,1.298236,1.401236,15,mm
rosko,5,90.000000,6144,6144,6144,diagonal,0.848379,0.911045,15,mm
rosko,5,90.000000,6144,6144,6144,row-pattern,1.392552,1.469197,15,mm
rosko,5,90.000000,6144,6144,6144,column-pattern,0.924903,1.012130,15,mm
rosko,6,90.000000,6144,6144,6144,random-uniform,1.109586,1.200432,15,mm
rosko,6,90.000000,6144,6144,6144,diagonal,0.751026,0.807898,15,mm
rosko,6,90.000000,6144,6144,6144,row-pattern,1.261999,1.331951,15,mm
rosko,6,90.000000,6144,6144,6144,column-pattern,0.787578,0.863958,15,mm
rosko,7,90.000000,6144,6144,6144,random-uniform,1.128030,1.210755,15,mm
rosko,7,90.000000,6144,6144,6144,diagonal,0.738085,0.792104,15,mm
rosko,7,90.000000,6144,6144,6144,row-pattern,1.278220,1.342162,15,mm
rosko,7,90.000000,6144,6144,6144,column-pattern,0.804461,0.876427,15,mm
rosko,8,90.000000,6144,6144,6144,random-uniform,1.106214,1.193340,15,mm
rosko,8,90.000000,6144,6144,6144,diagonal,0.733314,0.787654,15,mm
rosko,8,90.000000,6144,6144,6144,row-pattern,1.269612,1.334500,15,mm
rosko,8,90.000000,6144,6144,6144,column-pattern,0.780875,0.849887,15,mm
rosko,9,90.000000,6144,6144,6144,random-uniform,1.183966,1.274045,15,mm
rosko,9,90.000000,6144,6144,6144,diagonal,0.742987,0.797796,15,mm
rosko,9,90.000000,6144,6144,6144,row-pattern,1.292307,1.361132,15,mm
rosko,9,90.000000,6144,6144,6144,column-pattern,0.803139,0.879100,15,mm
rosko,10,90.000000,6144,6144,6144,random-uniform,1.196483,1.282079,15,mm
rosko,10,90.000000,6144,6144,6144,diagonal,0.723391,0.777816,15,mm
rosko,10,90.000000,6144,6144,6144,row-pattern,1.274972,1.341387,15,mm
rosko,10,90.000000,6144,6144,6144,column-pattern,0.792573,0.864644,15,mm
rosko,12,90.000000,6144,6144,6144,random-uniform,1.210824,1.289701,15,mm
rosko,12,90.000000,6144,6144,6144,diagonal,0.735107,0.787522,15,mm
rosko,12,90.000000,6144,6144,6144,row-pattern,1.275571,1.339181,15,mm
rosko,12,90.000000,6144,6144,6144,column-pattern,0.793451,0.862440,15,mm
rosko,14,90.000000,6144,6144,6144,random-uniform,1.239854,1.323302,15,mm
rosko,14,90.000000,6144,6144,6144,diagonal,0.731657,0.784477,15,mm
rosko,14,90.000000,6144,6144,6144,row-pattern,1.316361,1.380479,15,mm
rosko,14,90.000000,6144,6144,6144,column-pattern,0.809255,0.881054,15,mm
rosko,16,90.000000,6144,6144,6144,random-uniform,1.284776,1.364428,15,mm
rosko,16,90.000000,6144,6144,6144,diagonal,0.731855,0.784361,15,mm
rosko,16,90.000000,6144,6144,6144,row-pattern,1.311098,1.374537,15,mm
rosko,16,90.000000,6144,6144,6144,column-pattern,0.804017,0.871597,15,mm
rosko,18,90.000000,6144,6144,6144,random-uniform,1.310146,1.391975,15,mm
rosko,18,90.000000,6144,6144,6144,diagonal,0.737268,0.791752,15,mm
rosko,18,90.000000,6144,6144,6144,row-pattern,1.332064,1.395771,15,mm
rosko,18,90.000000,6144,6144,6144,column-pattern,0.805218,0.875638,15,mm
rosko,20,90.000000,6144,6144,6144,random-uniform,1.308594,1.387835,15,mm
rosko,20,90.000000,6144,6144,6144,diagonal,0.728941,0.782519,15,mm
rosko,20,90.000000,6144,6144,6144,row-pattern,1.350133,1.413355,15,mm
rosko,20,90.000000,6144,6144,6144,column-pattern,0.812423,0.882104,15,mm
rosko,25,90.000000,6144,6144,6144,random-uniform,1.394666,1.478017,15,mm
rosko,25,90.000000,6144,6144,6144,diagonal,0.729664,0.784023,15,mm
rosko,25,90.000000,6144,6144,6144,row-pattern,1.419861,1.482970,15,mm
rosko,25,90.000000,6144,6144,6144,column-pattern,0.816201,0.888249,15,mm
rosko,30,90.000000,6144,6144,6144,random-uniform,1.436211,1.518989,15,mm
rosko,30,90.000000,6144,6144,6144,diagonal,0.724942,0.780248,15,mm
rosko,30,90.000000,6144,6144,6144,row-pattern,1.463147,1.527151,15,mm
rosko,30,90.000000,6144,6144,6144,column-pattern,0.803147,0.876557,15,mm
rosko,35,90.000000,6144,6144,6144,random-uniform,1.485832,1.567300,15,mm
rosko,35,90.000000,6144,6144,6144,diagonal,0.734242,0.788980,15,mm
rosko,35,90.000000,6144,6144,6144,row-pattern,1.472651,1.537375,15,mm
rosko,35,90.000000,6144,6144,6144,column-pattern,0.800779,0.872523,15,mm
rosko,40,90.000000,6144,6144,6144,random-uniform,1.620692,1.706060,15,mm
rosko,40,90.000000,6144,6144,6144,diagonal,0.729013,0.786561,15,mm
rosko,40,90.000000,6144,6144,6144,row-pattern,1.537650,1.605890,15,mm
rosko,40,90.000000,6144,6144,6144,column-pattern,0.806411,0.880766,15,mm
rosko,50,90.000000,6144,6144,6144,random-uniform,1.786659,1.875016,15,mm
rosko,50,90.000000,6144,6144,6144,diagonal,0.745977,0.806209,15,mm
rosko,50,90.000000,6144,6144,6144,row-pattern,1.651913,1.723471,15,mm
rosko,50,90.000000,6144,6144,6144,column-pattern,0.819446,0.896250,15,mm
rosko,75,90.000000,6144,6144,6144,random-uniform,2.098773,2.190872,15,mm
rosko,75,90.000000,6144,6144,6144,diagonal,0.748898,0.811768,15,mm
rosko,75,90.000000,6144,6144,6144,row-pattern,1.798792,1.872685,15,mm
rosko,75,90.000000,6144,6144,6144,column-pattern,0.816025,0.896947,15,mm
rosko,100,90.000000,6144,6144,6144,random-uniform,2.504462,2.608053,15,mm
rosko,100,90.000000,6144,6144,6144,diagonal,0.756019,0.828145,15,mm
rosko,100,90.000000,6144,6144,6144,row-pattern,1.955299,2.039810,15,mm
rosko,100,90.000000,6144,6144,6144,column-pattern,0.842771,0.933624,15,mm
rosko,125,90.000000,6144,6144,6144,random-uniform,3.318859,3.443567,15,mm
rosko,125,90.000000,6144,6144,6144,diagonal,0.790361,0.886142,15,mm
rosko,125,90.000000,6144,6144,6144,row-pattern,1.876874,1.982712,15,mm
rosko,125,90.000000,6144,6144,6144,column-pattern,0.926892,1.041514,15,mm
rosko,150,90.000000,6144,6144,6144,random-uniform,3.480360,3.601537,15,mm
rosko,150,90.000000,6144,6144,6144,diagonal,0.782211,0.874791,15,mm
rosko,150,90.000000,6144,6144,6144,row-pattern,1.945294,2.048587,15,mm
rosko,150,90.000000,6144,6144,6144,column-pattern,0.909062,1.020681,15,mm
rosko,175,90.000000,6144,6144,6144,random-uniform,3.594949,3.717315,15,mm
rosko,175,90.000000,6144,6144,6144,diagonal,0.792493,0.886793,15,mm
rosko,175,90.000000,6144,6144,6144,row-pattern,2.048763,2.150664,15,mm
rosko,175,90.000000,6144,6144,6144,column-pattern,0.913519,1.024265,15,mm
rosko,200,90.000000,6144,6144,6144,random-uniform,3.699722,3.831358,15,mm
rosko,200,90.000000,6144,6144,6144,diagonal,0.811657,0.911778,15,mm
rosko,200,90.000000,6144,6144,6144,row-pattern,2.186734,2.298718,15,mm
rosko,200,90.000000,6144,6144,6144,column-pattern,0.931024,1.049064,15,mm
rosko,4,95.000000,6144,6144,6144,random-uniform,0.647013,0.711101,15,mm
rosko,4,95.000000,6144,6144,6144,diagonal,0.430517,0.477944,15,mm
rosko,4,95.000000,6144,6144,6144,row-pattern,0.817831,0.867467,15,mm
rosko,4,95.000000,6144,6144,6144,column-pattern,0.446010,0.504724,15,mm
rosko,5,95.000000,6144,6144,6144,random-uniform,0.809760,0.894433,15,mm
rosko,5,95.000000,6144,6144,6144,diagonal,0.502275,0.559105,15,mm
rosko,5,95.000000,6144,6144,6144,row-pattern,0.860689,0.925892,15,mm
rosko,5,95.000000,6144,6144,6144,column-pattern,0.540894,0.618107,15,mm
rosko,6,95.000000,6144,6144,6144,random-uniform,0.745643,0.821958,15,mm
rosko,6,95.000000,6144,6144,6144,diagonal,0.439535,0.492715,15,mm
rosko,6,95.000000,6144,6144,6144,row-pattern,0.817317,0.875211,15,mm
rosko,6,95.000000,6144,6144,6144,column-pattern,0.463765,0.532393,15,mm
rosko,7,95.000000,6144,6144,6144,random-uniform,0.724720,0.793140,15,mm
rosko,7,95.000000,6144,6144,6144,diagonal,0.448118,0.496791,15,mm
rosko,7,95.000000,6144,6144,6144,row-pattern,0.821208,0.874433,15,mm
rosko,7,95.000000,6144,6144,6144,column-pattern,0.469077,0.530842,15,mm
rosko,8,95.000000,6144,6144,6144,random-uniform,0.705881,0.771347,15,mm
rosko,8,95.000000,6144,6144,6144,diagonal,0.433836,0.481167,15,mm
rosko,8,95.000000,6144,6144,6144,row-pattern,0.796469,0.849449,15,mm
rosko,8,95.000000,6144,6144,6144,column-pattern,0.453471,0.516187,15,mm
rosko,9,95.000000,6144,6144,6144,random-uniform,0.797845,0.872051,15,mm
rosko,9,95.000000,6144,6144,6144,diagonal,0.452389,0.502668,15,mm
rosko,9,95.000000,6144,6144,6144,row-pattern,0.828050,0.884680,15,mm
rosko,9,95.000000,6144,6144,6144,column-pattern,0.475524,0.543366,15,mm
rosko,10,95.000000,6144,6144,6144,random-uniform,0.800239,0.870916,15,mm
rosko,10,95.000000,6144,6144,6144,diagonal,0.430493,0.480374,15,mm
rosko,10,95.000000,6144,6144,6144,row-pattern,0.818047,0.871622,15,mm
rosko,10,95.000000,6144,6144,6144,column-pattern,0.462268,0.526627,15,mm
rosko,12,95.000000,6144,6144,6144,random-uniform,0.833575,0.900960,15,mm
rosko,12,95.000000,6144,6144,6144,diagonal,0.429305,0.478342,15,mm
rosko,12,95.000000,6144,6144,6144,row-pattern,0.837504,0.890284,15,mm
rosko,12,95.000000,6144,6144,6144,column-pattern,0.459597,0.518506,15,mm
rosko,14,95.000000,6144,6144,6144,random-uniform,0.881044,0.950229,15,mm
rosko,14,95.000000,6144,6144,6144,diagonal,0.436314,0.485007,15,mm
rosko,14,95.000000,6144,6144,6144,row-pattern,0.863376,0.917123,15,mm
rosko,14,95.000000,6144,6144,6144,column-pattern,0.458715,0.521498,15,mm
rosko,16,95.000000,6144,6144,6144,random-uniform,0.909862,0.975161,15,mm
rosko,16,95.000000,6144,6144,6144,diagonal,0.424304,0.472457,15,mm
rosko,16,95.000000,6144,6144,6144,row-pattern,0.869256,0.920735,15,mm
rosko,16,95.000000,6144,6144,6144,column-pattern,0.446711,0.506476,15,mm
rosko,18,95.000000,6144,6144,6144,random-uniform,0.943470,1.011376,15,mm
rosko,18,95.000000,6144,6144,6144,diagonal,0.428507,0.475381,15,mm
rosko,18,95.000000,6144,6144,6144,row-pattern,0.913586,0.965695,15,mm
rosko,18,95.000000,6144,6144,6144,column-pattern,0.452872,0.514900,15,mm
rosko,20,95.000000,6144,6144,6144,random-uniform,0.978352,1.044852,15,mm
rosko,20,95.000000,6144,6144,6144,diagonal,0.425564,0.473469,15,mm
rosko,20,95.000000,6144,6144,6144,row-pattern,0.917378,0.969628,15,mm
rosko,20,95.000000,6144,6144,6144,column-pattern,0.452135,0.514713,15,mm
rosko,25,95.000000,6144,6144,6144,random-uniform,1.030285,1.108585,15,mm
rosko,25,95.000000,6144,6144,6144,diagonal,0.444711,0.494032,15,mm
rosko,25,95.000000,6144,6144,6144,row-pattern,0.948740,1.002124,15,mm
rosko,25,95.000000,6144,6144,6144,column-pattern,0.461452,0.524129,15,mm
rosko,30,95.000000,6144,6144,6144,random-uniform,1.079921,1.148230,15,mm
rosko,30,95.000000,6144,6144,6144,diagonal,0.435860,0.483779,15,mm
rosko,30,95.000000,6144,6144,6144,row-pattern,0.970250,1.023225,15,mm
rosko,30,95.000000,6144,6144,6144,column-pattern,0.460542,0.524404,15,mm
rosko,35,95.000000,6144,6144,6144,random-uniform,1.140958,1.209293,15,mm
rosko,35,95.000000,6144,6144,6144,diagonal,0.428835,0.478410,15,mm
rosko,35,95.000000,6144,6144,6144,row-pattern,0.994605,1.047882,15,mm
rosko,35,95.000000,6144,6144,6144,column-pattern,0.452712,0.515833,15,mm
rosko,40,95.000000,6144,6144,6144,random-uniform,1.205639,1.276205,15,mm
rosko,40,95.000000,6144,6144,6144,diagonal,0.424267,0.474773,15,mm
rosko,40,95.000000,6144,6144,6144,row-pattern,1.070556,1.127572,15,mm
rosko,40,95.000000,6144,6144,6144,column-pattern,0.455594,0.520934,15,mm
rosko,50,95.000000,6144,6144,6144,random-uniform,1.373271,1.447634,15,mm
rosko,50,95.000000,6144,6144,6144,diagonal,0.434734,0.487845,15,mm
rosko,50,95.000000,6144,6144,6144,row-pattern,1.074309,1.133137,15,mm
rosko,50,95.000000,6144,6144,6144,column-pattern,0.466393,0.533263,15,mm
rosko,75,95.000000,6144,6144,6144,random-uniform,1.651482,1.728558,15,mm
rosko,75,95.000000,6144,6144,6144,diagonal,0.439173,0.495511,15,mm
rosko,75,95.000000,6144,6144,6144,row-pattern,1.186315,1.247559,15,mm
rosko,75,95.000000,6144,6144,6144,column-pattern,0.475132,0.545523,15,mm
rosko,100,95.000000,6144,6144,6144,random-uniform,1.861776,1.947587,15,mm
rosko,100,95.000000,6144,6144,6144,diagonal,0.451264,0.514082,15,mm
rosko,100,95.000000,6144,6144,6144,row-pattern,1.190045,1.259734,15,mm
rosko,100,95.000000,6144,6144,6144,column-pattern,0.497803,0.576549,15,mm
rosko,125,95.000000,6144,6144,6144,random-uniform,2.365220,2.469904,15,mm
rosko,125,95.000000,6144,6144,6144,diagonal,0.486023,0.569965,15,mm
rosko,125,95.000000,6144,6144,6144,row-pattern,1.116151,1.204797,15,mm
rosko,125,95.000000,6144,6144,6144,column-pattern,0.565337,0.663678,15,mm
rosko,150,95.000000,6144,6144,6144,random-uniform,2.447905,2.548645,15,mm
rosko,150,95.000000,6144,6144,6144,diagonal,0.476538,0.555271,15,mm
rosko,150,95.000000,6144,6144,6144,row-pattern,1.138611,1.223552,15,mm
rosko,150,95.000000,6144,6144,6144,column-pattern,0.549633,0.643411,15,mm
rosko,175,95.000000,6144,6144,6144,random-uniform,2.491115,2.592569,15,mm
rosko,175,95.000000,6144,6144,6144,diagonal,0.481140,0.560548,15,mm
rosko,175,95.000000,6144,6144,6144,row-pattern,1.199236,1.284720,15,mm
rosko,175,95.000000,6144,6144,6144,column-pattern,0.549327,0.644230,15,mm
rosko,200,95.000000,6144,6144,6144,random-uniform,2.501640,2.608553,15,mm
rosko,200,95.000000,6144,6144,6144,diagonal,0.497609,0.582905,15,mm
rosko,200,95.000000,6144,6144,6144,row-pattern,1.266139,1.357407,15,mm
rosko,200,95.000000,6144,6144,6144,column-pattern,0.588626,0.690203,15,mm
rosko,4,97.000000,6144,6144,6144,random-uniform,0.463500,0.524930,15,mm
rosko,4,97.000000,6144,6144,6144,diagonal,0.293094,0.338557,15,mm
rosko,4,97.000000,6144,6144,6144,row-pattern,0.512664,0.560609,15,mm
rosko,4,97.000000,6144,6144,6144,column-pattern,0.304120,0.360660,15,mm
rosko,5,97.000000,6144,6144,6144,random-uniform,0.635736,0.712855,15,mm
rosko,5,97.000000,6144,6144,6144,diagonal,0.342576,0.396825,15,mm
rosko,5,97.000000,6144,6144,6144,row-pattern,0.639916,0.699487,15,mm
rosko,5,97.000000,6144,6144,6144,column-pattern,0.364151,0.437926,15,mm
rosko,6,97.000000,6144,6144,6144,random-uniform,0.564967,0.633886,15,mm
rosko,6,97.000000,6144,6144,6144,diagonal,0.321518,0.370209,15,mm
rosko,6,97.000000,6144,6144,6144,row-pattern,0.618974,0.671784,15,mm
rosko,6,97.000000,6144,6144,6144,column-pattern,0.325624,0.389570,15,mm
rosko,7,97.000000,6144,6144,6144,random-uniform,0.570996,0.633596,15,mm
rosko,7,97.000000,6144,6144,6144,diagonal,0.321486,0.366961,15,mm
rosko,7,97.000000,6144,6144,6144,row-pattern,0.577013,0.624364,15,mm
rosko,7,97.000000,6144,6144,6144,column-pattern,0.327469,0.386343,15,mm
rosko,8,97.000000,6144,6144,6144,random-uniform,0.537269,0.596503,15,mm
rosko,8,97.000000,6144,6144,6144,diagonal,0.290504,0.336142,15,mm
rosko,8,97.000000,6144,6144,6144,row-pattern,0.578081,0.623341,15,mm
rosko,8,97.000000,6144,6144,6144,column-pattern,0.308479,0.365868,15,mm
rosko,9,97.000000,6144,6144,6144,random-uniform,0.639817,0.708553,15,mm
rosko,9,97.000000,6144,6144,6144,diagonal,0.313188,0.362173,15,mm
rosko,9,97.000000,6144,6144,6144,row-pattern,0.599715,0.649885,15,mm
rosko,9,97.000000,6144,6144,6144,column-pattern,0.327675,0.392537,15,mm
rosko,10,97.000000,6144,6144,6144,random-uniform,0.635145,0.699673,15,mm
rosko,10,97.000000,6144,6144,6144,diagonal,0.310326,0.355007,15,mm
rosko,10,97.000000,6144,6144,6144,row-pattern,0.614296,0.663265,15,mm
rosko,10,97.000000,6144,6144,6144,column-pattern,0.324967,0.384868,15,mm
rosko,12,97.000000,6144,6144,6144,random-uniform,0.679283,0.740111,15,mm
rosko,12,97.000000,6144,6144,6144,diagonal,0.295040,0.340459,15,mm
rosko,12,97.000000,6144,6144,6144,row-pattern,0.649845,0.696485,15,mm
rosko,12,97.000000,6144,6144,6144,column-pattern,0.307701,0.364486,15,mm
rosko,14,97.000000,6144,6144,6144,random-uniform,0.724853,0.788154,15,mm
rosko,14,97.000000,6144,6144,6144,diagonal,0.311449,0.355951,15,mm
rosko,14,97.000000,6144,6144,6144,row-pattern,0.667150,0.716249,15,mm
rosko,14,97.000000,6144,6144,6144,column-pattern,0.324600,0.383501,15,mm
rosko,16,97.000000,6144,6144,6144,random-uniform,0.718163,0.778208,15,mm
rosko,16,97.000000,6144,6144,6144,diagonal,0.287508,0.331685,15,mm
rosko,16,97.000000,6144,6144,6144,row-pattern,0.663173,0.710079,15,mm
rosko,16,97.000000,6144,6144,6144,column-pattern,0.305500,0.362719,15,mm
rosko,18,97.000000,6144,6144,6144,random-uniform,0.750700,0.813203,15,mm
rosko,18,97.000000,6144,6144,6144,diagonal,0.305229,0.349476,15,mm
rosko,18,97.000000,6144,6144,6144,row-pattern,0.681723,0.729474,15,mm
rosko,18,97.000000,6144,6144,6144,column-pattern,0.321105,0.379794,15,mm
rosko,20,97.000000,6144,6144,6144,random-uniform,0.776564,0.837665,15,mm
rosko,20,97.000000,6144,6144,6144,diagonal,0.292994,0.338798,15,mm
rosko,20,97.000000,6144,6144,6144,row-pattern,0.703106,0.750899,15,mm
rosko,20,97.000000,6144,6144,6144,column-pattern,0.333615,0.391332,15,mm
rosko,25,97.000000,6144,6144,6144,random-uniform,1.119439,1.200708,15,mm
rosko,25,97.000000,6144,6144,6144,diagonal,0.305600,0.352445,15,mm
rosko,25,97.000000,6144,6144,6144,row-pattern,0.708575,0.757283,15,mm
rosko,25,97.000000,6144,6144,6144,column-pattern,0.323771,0.382439,15,mm
rosko,30,97.000000,6144,6144,6144,random-uniform,0.968630,1.034412,15,mm
rosko,30,97.000000,6144,6144,6144,diagonal,0.302829,0.349168,15,mm
rosko,30,97.000000,6144,6144,6144,row-pattern,0.723765,0.771362,15,mm
rosko,30,97.000000,6144,6144,6144,column-pattern,0.313452,0.373376,15,mm
rosko,35,97.000000,6144,6144,6144,random-uniform,0.927666,0.989805,15,mm
rosko,35,97.000000,6144,6144,6144,diagonal,0.292512,0.338520,15,mm
rosko,35,97.000000,6144,6144,6144,row-pattern,0.744656,0.793129,15,mm
rosko,35,97.000000,6144,6144,6144,column-pattern,0.310011,0.368436,15,mm
rosko,40,97.000000,6144,6144,6144,random-uniform,1.016049,1.080513,15,mm
rosko,40,97.000000,6144,6144,6144,diagonal,0.292999,0.340684,15,mm
rosko,40,97.000000,6144,6144,6144,row-pattern,0.741965,0.793160,15,mm
rosko,40,97.000000,6144,6144,6144,column-pattern,0.310145,0.370963,15,mm
rosko,50,97.000000,6144,6144,6144,random-uniform,1.093506,1.160243,15,mm
rosko,50,97.000000,6144,6144,6144,diagonal,0.298434,0.347242,15,mm
rosko,50,97.000000,6144,6144,6144,row-pattern,0.768957,0.821995,15,mm
rosko,50,97.000000,6144,6144,6144,column-pattern,0.321072,0.384840,15,mm
rosko,75,97.000000,6144,6144,6144,random-uniform,1.324946,1.393627,15,mm
rosko,75,97.000000,6144,6144,6144,diagonal,0.302776,0.353730,15,mm
rosko,75,97.000000,6144,6144,6144,row-pattern,0.798960,0.853100,15,mm
rosko,75,97.000000,6144,6144,6144,column-pattern,0.329970,0.394960,15,mm
rosko,100,97.000000,6144,6144,6144,random-uniform,1.491684,1.568958,15,mm
rosko,100,97.000000,6144,6144,6144,diagonal,0.316931,0.375959,15,mm
rosko,100,97.000000,6144,6144,6144,row-pattern,0.784036,0.844184,15,mm
rosko,100,97.000000,6144,6144,6144,column-pattern,0.346924,0.420159,15,mm
rosko,125,97.000000,6144,6144,6144,random-uniform,1.617780,1.709429,15,mm
rosko,125,97.000000,6144,6144,6144,diagonal,0.349476,0.424501,15,mm
rosko,125,97.000000,6144,6144,6144,row-pattern,0.761342,0.838784,15,mm
rosko,125,97.000000,6144,6144,6144,column-pattern,0.405386,0.493599,15,mm
rosko,150,97.000000,6144,6144,6144,random-uniform,1.693170,1.783007,15,mm
rosko,150,97.000000,6144,6144,6144,diagonal,0.340810,0.411177,15,mm
rosko,150,97.000000,6144,6144,6144,row-pattern,0.773257,0.845671,15,mm
rosko,150,97.000000,6144,6144,6144,column-pattern,0.391960,0.477452,15,mm
rosko,175,97.000000,6144,6144,6144,random-uniform,1.732457,1.821392,15,mm
rosko,175,97.000000,6144,6144,6144,diagonal,0.342266,0.413898,15,mm
rosko,175,97.000000,6144,6144,6144,row-pattern,0.789863,0.865974,15,mm
rosko,175,97.000000,6144,6144,6144,column-pattern,0.390440,0.475573,15,mm
rosko,200,97.000000,6144,6144,6144,random-uniform,1.760358,1.854816,15,mm
rosko,200,97.000000,6144,6144,6144,diagonal,0.361121,0.438286,15,mm
rosko,200,97.000000,6144,6144,6144,row-pattern,0.824198,0.903160,15,mm
rosko,200,97.000000,6144,6144,6144,column-pattern,0.408721,0.499531,15,mm
rosko,4,98.000000,6144,6144,6144,random-uniform,0.384727,0.440457,15,mm
rosko,4,98.000000,6144,6144,6144,diagonal,0.237564,0.281311,15,mm
rosko,4,98.000000,6144,6144,6144,row-pattern,0.452415,0.495789,15,mm
rosko,4,98.000000,6144,6144,6144,column-pattern,0.235193,0.288907,15,mm
rosko,5,98.000000,6144,6144,6144,random-uniform,0.522371,0.594065,15,mm
rosko,5,98.000000,6144,6144,6144,diagonal,0.275303,0.328638,15,mm
rosko,5,98.000000,6144,6144,6144,row-pattern,0.492741,0.547807,15,mm
rosko,5,98.000000,6144,6144,6144,column-pattern,0.279012,0.346638,15,mm
rosko,6,98.000000,6144,6144,6144,random-uniform,0.481650,0.546445,15,mm
rosko,6,98.000000,6144,6144,6144,diagonal,0.257770,0.305587,15,mm
rosko,6,98.000000,6144,6144,6144,row-pattern,0.503908,0.552959,15,mm
rosko,6,98.000000,6144,6144,6144,column-pattern,0.264381,0.325436,15,mm
rosko,7,98.000000,6144,6144,6144,random-uniform,0.470212,0.527823,15,mm
rosko,7,98.000000,6144,6144,6144,diagonal,0.244967,0.290479,15,mm
rosko,7,98.000000,6144,6144,6144,row-pattern,0.471816,0.517084,15,mm
rosko,7,98.000000,6144,6144,6144,column-pattern,0.252518,0.307277,15,mm
rosko,8,98.000000,6144,6144,6144,random-uniform,0.453801,0.508893,15,mm
rosko,8,98.000000,6144,6144,6144,diagonal,0.234499,0.278878,15,mm
rosko,8,98.000000,6144,6144,6144,row-pattern,0.481230,0.526260,15,mm
rosko,8,98.000000,6144,6144,6144,column-pattern,0.239063,0.291192,15,mm
rosko,9,98.000000,6144,6144,6144,random-uniform,0.560878,0.624888,15,mm
rosko,9,98.000000,6144,6144,6144,diagonal,0.261007,0.307803,15,mm
rosko,9,98.000000,6144,6144,6144,row-pattern,0.495301,0.543662,15,mm
rosko,9,98.000000,6144,6144,6144,column-pattern,0.266705,0.328207,15,mm
rosko,10,98.000000,6144,6144,6144,random-uniform,0.553385,0.613168,15,mm
rosko,10,98.000000,6144,6144,6144,diagonal,0.250117,0.295308,15,mm
rosko,10,98.000000,6144,6144,6144,row-pattern,0.496600,0.542504,15,mm
rosko,10,98.000000,6144,6144,6144,column-pattern,0.259856,0.316714,15,mm
rosko,12,98.000000,6144,6144,6144,random-uniform,0.568791,0.624413,15,mm
rosko,12,98.000000,6144,6144,6144,diagonal,0.232715,0.275771,15,mm
rosko,12,98.000000,6144,6144,6144,row-pattern,0.527597,0.571963,15,mm
rosko,12,98.000000,6144,6144,6144,column-pattern,0.238271,0.292071,15,mm
rosko,14,98.000000,6144,6144,6144,random-uniform,0.600644,0.658304,15,mm
rosko,14,98.000000,6144,6144,6144,diagonal,0.246740,0.290270,15,mm
rosko,14,98.000000,6144,6144,6144,row-pattern,0.515142,0.560349,15,mm
rosko,14,98.000000,6144,6144,6144,column-pattern,0.254789,0.310831,15,mm
rosko,16,98.000000,6144,6144,6144,random-uniform,0.642570,0.697987,15,mm
rosko,16,98.000000,6144,6144,6144,diagonal,0.226366,0.269287,15,mm
rosko,16,98.000000,6144,6144,6144,row-pattern,0.528512,0.571995,15,mm
rosko,16,98.000000,6144,6144,6144,column-pattern,0.236563,0.290458,15,mm
rosko,18,98.000000,6144,6144,6144,random-uniform,0.661357,0.718164,15,mm
rosko,18,98.000000,6144,6144,6144,diagonal,0.237419,0.280445,15,mm
rosko,18,98.000000,6144,6144,6144,row-pattern,0.551989,0.596609,15,mm
rosko,18,98.000000,6144,6144,6144,column-pattern,0.248546,0.304029,15,mm
rosko,20,98.000000,6144,6144,6144,random-uniform,0.674933,0.731239,15,mm
rosko,20,98.000000,6144,6144,6144,diagonal,0.231821,0.274593,15,mm
rosko,20,98.000000,6144,6144,6144,row-pattern,0.615741,0.665505,15,mm
rosko,20,98.000000,6144,6144,6144,column-pattern,0.235381,0.290064,15,mm
rosko,25,98.000000,6144,6144,6144,random-uniform,0.754846,0.815866,15,mm
rosko,25,98.000000,6144,6144,6144,diagonal,0.240784,0.284900,15,mm
rosko,25,98.000000,6144,6144,6144,row-pattern,0.561798,0.606554,15,mm
rosko,25,98.000000,6144,6144,6144,column-pattern,0.250071,0.305823,15,mm
rosko,30,98.000000,6144,6144,6144,random-uniform,0.775782,0.832862,15,mm
rosko,30,98.000000,6144,6144,6144,diagonal,0.240218,0.284362,15,mm
rosko,30,98.000000,6144,6144,6144,row-pattern,0.566995,0.613134,15,mm
rosko,30,98.000000,6144,6144,6144,column-pattern,0.240722,0.295622,15,mm
rosko,35,98.000000,6144,6144,6144,random-uniform,0.826671,0.884466,15,mm
rosko,35,98.000000,6144,6144,6144,diagonal,0.241157,0.285298,15,mm
rosko,35,98.000000,6144,6144,6144,row-pattern,0.560670,0.606555,15,mm
rosko,35,98.000000,6144,6144,6144,column-pattern,0.239308,0.294946,15,mm
rosko,40,98.000000,6144,6144,6144,random-uniform,0.865129,0.925539,15,mm
rosko,40,98.000000,6144,6144,6144,diagonal,0.232217,0.278566,15,mm
rosko,40,98.000000,6144,6144,6144,row-pattern,0.577123,0.624369,15,mm
rosko,40,98.000000,6144,6144,6144,column-pattern,0.241748,0.298161,15,mm
rosko,50,98.000000,6144,6144,6144,random-uniform,0.948638,1.010283,15,mm
rosko,50,98.000000,6144,6144,6144,diagonal,0.235844,0.284054,15,mm
rosko,50,98.000000,6144,6144,6144,row-pattern,0.585106,0.634968,15,mm
rosko,50,98.000000,6144,6144,6144,column-pattern,0.251064,0.310696,15,mm
rosko,75,98.000000,6144,6144,6144,random-uniform,1.148173,1.211099,15,mm
rosko,75,98.000000,6144,6144,6144,diagonal,0.246542,0.296280,15,mm
rosko,75,98.000000,6144,6144,6144,row-pattern,0.577621,0.628308,15,mm
rosko,75,98.000000,6144,6144,6144,column-pattern,0.258768,0.320189,15,mm
rosko,100,98.000000,6144,6144,6144,random-uniform,1.261100,1.331515,15,mm
rosko,100,98.000000,6144,6144,6144,diagonal,0.257647,0.313917,15,mm
rosko,100,98.000000,6144,6144,6144,row-pattern,0.590456,0.647978,15,mm
rosko,100,98.000000,6144,6144,6144,column-pattern,0.272727,0.340108,15,mm
rosko,125,98.000000,6144,6144,6144,random-uniform,1.204663,1.288642,15,mm
rosko,125,98.000000,6144,6144,6144,diagonal,0.290917,0.360237,15,mm
rosko,125,98.000000,6144,6144,6144,row-pattern,0.598414,0.668465,15,mm
rosko,125,98.000000,6144,6144,6144,column-pattern,0.330296,0.411481,15,mm
rosko,150,98.000000,6144,6144,6144,random-uniform,1.249890,1.331706,15,mm
rosko,150,98.000000,6144,6144,6144,diagonal,0.281562,0.348237,15,mm
rosko,150,98.000000,6144,6144,6144,row-pattern,0.591294,0.657503,15,mm
rosko,150,98.000000,6144,6144,6144,column-pattern,0.314481,0.394889,15,mm
rosko,175,98.000000,6144,6144,6144,random-uniform,1.266939,1.348505,15,mm
rosko,175,98.000000,6144,6144,6144,diagonal,0.281322,0.348420,15,mm
rosko,175,98.000000,6144,6144,6144,row-pattern,0.586788,0.655092,15,mm
rosko,175,98.000000,6144,6144,6144,column-pattern,0.313604,0.394104,15,mm
rosko,200,98.000000,6144,6144,6144,random-uniform,1.276574,1.362905,15,mm
rosko,200,98.000000,6144,6144,6144,diagonal,0.296145,0.367575,15,mm
rosko,200,98.000000,6144,6144,6144,row-pattern,0.645659,0.718851,15,mm
rosko,200,98.000000,6144,6144,6144,column-pattern,0.323007,0.407641,15,mm
rosko,4,99.000000,6144,6144,6144,random-uniform,0.291326,0.342204,15,mm
rosko,4,99.000000,6144,6144,6144,diagonal,0.186372,0.227175,15,mm
rosko,4,99.000000,6144,6144,6144,row-pattern,0.337881,0.377468,15,mm
rosko,4,99.000000,6144,6144,6144,column-pattern,0.177744,0.228289,15,mm
rosko,5,99.000000,6144,6144,6144,random-uniform,0.449688,0.517219,15,mm
rosko,5,99.000000,6144,6144,6144,diagonal,0.220006,0.272495,15,mm
rosko,5,99.000000,6144,6144,6144,row-pattern,0.357084,0.408824,15,mm
rosko,5,99.000000,6144,6144,6144,column-pattern,0.214651,0.279863,15,mm
rosko,6,99.000000,6144,6144,6144,random-uniform,0.395393,0.453563,15,mm
rosko,6,99.000000,6144,6144,6144,diagonal,0.199384,0.245341,15,mm
rosko,6,99.000000,6144,6144,6144,row-pattern,0.365600,0.410834,15,mm
rosko,6,99.000000,6144,6144,6144,column-pattern,0.196049,0.254100,15,mm
rosko,7,99.000000,6144,6144,6144,random-uniform,0.382567,0.436115,15,mm
rosko,7,99.000000,6144,6144,6144,diagonal,0.184202,0.226587,15,mm
rosko,7,99.000000,6144,6144,6144,row-pattern,0.337791,0.379073,15,mm
rosko,7,99.000000,6144,6144,6144,column-pattern,0.178096,0.230774,15,mm
rosko,8,99.000000,6144,6144,6144,random-uniform,0.374248,0.425944,15,mm
rosko,8,99.000000,6144,6144,6144,diagonal,0.173677,0.215478,15,mm
rosko,8,99.000000,6144,6144,6144,row-pattern,0.352064,0.392118,15,mm
rosko,8,99.000000,6144,6144,6144,column-pattern,0.167191,0.216409,15,mm
rosko,9,99.000000,6144,6144,6144,random-uniform,0.445158,0.504180,15,mm
rosko,9,99.000000,6144,6144,6144,diagonal,0.198553,0.244326,15,mm
rosko,9,99.000000,6144,6144,6144,row-pattern,0.349738,0.394672,15,mm
rosko,9,99.000000,6144,6144,6144,column-pattern,0.197084,0.254293,15,mm
rosko,10,99.000000,6144,6144,6144,random-uniform,0.443490,0.499061,15,mm
rosko,10,99.000000,6144,6144,6144,diagonal,0.184529,0.228170,15,mm
rosko,10,99.000000,6144,6144,6144,row-pattern,0.367458,0.410333,15,mm
rosko,10,99.000000,6144,6144,6144,column-pattern,0.184021,0.238147,15,mm
rosko,12,99.000000,6144,6144,6144,random-uniform,0.464378,0.514914,15,mm
rosko,12,99.000000,6144,6144,6144,diagonal,0.169565,0.210685,15,mm
rosko,12,99.000000,6144,6144,6144,row-pattern,0.377236,0.417586,15,mm
rosko,12,99.000000,6144,6144,6144,column-pattern,0.170724,0.221651,15,mm
rosko,14,99.000000,6144,6144,6144,random-uniform,0.487458,0.540668,15,mm
rosko,14,99.000000,6144,6144,6144,diagonal,0.181031,0.223314,15,mm
rosko,14,99.000000,6144,6144,6144,row-pattern,0.371124,0.412365,15,mm
rosko,14,99.000000,6144,6144,6144,column-pattern,0.178730,0.231338,15,mm
rosko,16,99.000000,6144,6144,6144,random-uniform,0.500117,0.551245,15,mm
rosko,16,99.000000,6144,6144,6144,diagonal,0.172994,0.212930,15,mm
rosko,16,99.000000,6144,6144,6144,row-pattern,0.372210,0.412863,15,mm
rosko,16,99.000000,6144,6144,6144,column-pattern,0.170411,0.219394,15,mm
rosko,18,99.000000,6144,6144,6144,random-uniform,0.537689,0.591041,15,mm
rosko,18,99.000000,6144,6144,6144,diagonal,0.180845,0.222375,15,mm
rosko,18,99.000000,6144,6144,6144,row-pattern,0.366982,0.408180,15,mm
rosko,18,99.000000,6144,6144,6144,column-pattern,0.176737,0.227763,15,mm
rosko,20,99.000000,6144,6144,6144,random-uniform,0.526968,0.579144,15,mm
rosko,20,99.000000,6144,6144,6144,diagonal,0.171374,0.212293,15,mm
rosko,20,99.000000,6144,6144,6144,row-pattern,0.369121,0.408843,15,mm
rosko,20,99.000000,6144,6144,6144,column-pattern,0.168274,0.218308,15,mm
rosko,25,99.000000,6144,6144,6144,random-uniform,0.587704,0.641241,15,mm
rosko,25,99.000000,6144,6144,6144,diagonal,0.178241,0.220589,15,mm
rosko,25,99.000000,6144,6144,6144,row-pattern,0.380707,0.422702,15,mm
rosko,25,99.000000,6144,6144,6144,column-pattern,0.177550,0.230104,15,mm
rosko,30,99.000000,6144,6144,6144,random-uniform,0.619437,0.672825,15,mm
rosko,30,99.000000,6144,6144,6144,diagonal,0.177491,0.218805,15,mm
rosko,30,99.000000,6144,6144,6144,row-pattern,0.375320,0.416395,15,mm
rosko,30,99.000000,6144,6144,6144,column-pattern,0.171938,0.223521,15,mm
rosko,35,99.000000,6144,6144,6144,random-uniform,0.634381,0.686614,15,mm
rosko,35,99.000000,6144,6144,6144,diagonal,0.175631,0.217806,15,mm
rosko,35,99.000000,6144,6144,6144,row-pattern,0.368941,0.410534,15,mm
rosko,35,99.000000,6144,6144,6144,column-pattern,0.174154,0.225689,15,mm
rosko,40,99.000000,6144,6144,6144,random-uniform,0.658098,0.712601,15,mm
rosko,40,99.000000,6144,6144,6144,diagonal,0.177358,0.220263,15,mm
rosko,40,99.000000,6144,6144,6144,row-pattern,0.381204,0.424579,15,mm
rosko,40,99.000000,6144,6144,6144,column-pattern,0.173737,0.226543,15,mm
rosko,50,99.000000,6144,6144,6144,random-uniform,0.717091,0.773073,15,mm
rosko,50,99.000000,6144,6144,6144,diagonal,0.181593,0.226067,15,mm
rosko,50,99.000000,6144,6144,6144,row-pattern,0.381454,0.426211,15,mm
rosko,50,99.000000,6144,6144,6144,column-pattern,0.179758,0.234116,15,mm
rosko,75,99.000000,6144,6144,6144,random-uniform,0.732023,0.790551,15,mm
rosko,75,99.000000,6144,6144,6144,diagonal,0.188167,0.234428,15,mm
rosko,75,99.000000,6144,6144,6144,row-pattern,0.390904,0.437266,15,mm
rosko,75,99.000000,6144,6144,6144,column-pattern,0.189233,0.246023,15,mm
rosko,100,99.000000,6144,6144,6144,random-uniform,0.739444,0.801150,15,mm
rosko,100,99.000000,6144,6144,6144,diagonal,0.200037,0.249772,15,mm
rosko,100,99.000000,6144,6144,6144,row-pattern,0.402866,0.453694,15,mm
rosko,100,99.000000,6144,6144,6144,column-pattern,0.198807,0.259887,15,mm
rosko,125,99.000000,6144,6144,6144,random-uniform,0.780348,0.853010,15,mm
rosko,125,99.000000,6144,6144,6144,diagonal,0.238926,0.301501,15,mm
rosko,125,99.000000,6144,6144,6144,row-pattern,0.433992,0.494301,15,mm
rosko,125,99.000000,6144,6144,6144,column-pattern,0.250024,0.321034,15,mm
rosko,150,99.000000,6144,6144,6144,random-uniform,0.792380,0.863317,15,mm
rosko,150,99.000000,6144,6144,6144,diagonal,0.228268,0.287425,15,mm
rosko,150,99.000000,6144,6144,6144,row-pattern,0.397846,0.455399,15,mm
rosko,150,99.000000,6144,6144,6144,column-pattern,0.231557,0.301474,15,mm
rosko,175,99.000000,6144,6144,6144,random-uniform,0.789696,0.861167,15,mm
rosko,175,99.000000,6144,6144,6144,diagonal,0.226510,0.286002,15,mm
rosko,175,99.000000,6144,6144,6144,row-pattern,0.403283,0.463129,15,mm
rosko,175,99.000000,6144,6144,6144,column-pattern,0.232699,0.303514,15,mm
rosko,200,99.000000,6144,6144,6144,random-uniform,0.803124,0.878497,15,mm
rosko,200,99.000000,6144,6144,6144,diagonal,0.238113,0.302712,15,mm
rosko,200,99.000000,6144,6144,6144,row-pattern,0.428281,0.491875,15,mm
rosko,200,99.000000,6144,6144,6144,column-pattern,0.242416,0.316781,15,mm
rosko,4,99.900002,6144,6144,6144,random-uniform,0.187175,0.234887,15,mm
rosko,4,99.900002,6144,6144,6144,diagonal,0.116612,0.156813,15,mm
rosko,4,99.900002,6144,6144,6144,row-pattern,0.159818,0.197675,15,mm
rosko,4,99.900002,6144,6144,6144,column-pattern,0.110276,0.155395,15,mm
rosko,5,99.900002,6144,6144,6144,random-uniform,0.233042,0.291752,15,mm
rosko,5,99.900002,6144,6144,6144,diagonal,0.135081,0.185618,15,mm
rosko,5,99.900002,6144,6144,6144,row-pattern,0.166722,0.215284,15,mm
rosko,5,99.900002,6144,6144,6144,column-pattern,0.126712,0.184518,15,mm
rosko,6,99.900002,6144,6144,6144,random-uniform,0.218869,0.271191,15,mm
rosko,6,99.900002,6144,6144,6144,diagonal,0.128318,0.172945,15,mm
rosko,6,99.900002,6144,6144,6144,row-pattern,0.180517,0.222641,15,mm
rosko,6,99.900002,6144,6144,6144,column-pattern,0.119196,0.171315,15,mm
rosko,7,99.900002,6144,6144,6144,random-uniform,0.208167,0.255474,15,mm
rosko,7,99.900002,6144,6144,6144,diagonal,0.123811,0.165317,15,mm
rosko,7,99.900002,6144,6144,6144,row-pattern,0.158987,0.197489,15,mm
rosko,7,99.900002,6144,6144,6144,column-pattern,0.116872,0.160126,15,mm
rosko,8,99.900002,6144,6144,6144,random-uniform,0.200786,0.246389,15,mm
rosko,8,99.900002,6144,6144,6144,diagonal,0.119240,0.157837,15,mm
rosko,8,99.900002,6144,6144,6144,row-pattern,0.174294,0.212412,15,mm
rosko,8,99.900002,6144,6144,6144,column-pattern,0.114275,0.155581,15,mm
rosko,9,99.900002,6144,6144,6144,random-uniform,0.221545,0.273423,15,mm
rosko,9,99.900002,6144,6144,6144,diagonal,0.126842,0.170462,15,mm
rosko,9,99.900002,6144,6144,6144,row-pattern,0.178994,0.220683,15,mm
rosko,9,99.900002,6144,6144,6144,column-pattern,0.120462,0.169471,15,mm
rosko,10,99.900002,6144,6144,6144,random-uniform,0.213556,0.261054,15,mm
rosko,10,99.900002,6144,6144,6144,diagonal,0.125668,0.167303,15,mm
rosko,10,99.900002,6144,6144,6144,row-pattern,0.156114,0.195709,15,mm
rosko,10,99.900002,6144,6144,6144,column-pattern,0.116357,0.160265,15,mm
rosko,12,99.900002,6144,6144,6144,random-uniform,0.197498,0.241929,15,mm
rosko,12,99.900002,6144,6144,6144,diagonal,0.123686,0.163191,15,mm
rosko,12,99.900002,6144,6144,6144,row-pattern,0.153526,0.189884,15,mm
rosko,12,99.900002,6144,6144,6144,column-pattern,0.112908,0.157112,15,mm
rosko,14,99.900002,6144,6144,6144,random-uniform,0.207008,0.254550,15,mm
rosko,14,99.900002,6144,6144,6144,diagonal,0.123281,0.163450,15,mm
rosko,14,99.900002,6144,6144,6144,row-pattern,0.165375,0.204046,15,mm
rosko,14,99.900002,6144,6144,6144,column-pattern,0.114819,0.159303,15,mm
rosko,16,99.900002,6144,6144,6144,random-uniform,0.195205,0.240381,15,mm
rosko,16,99.900002,6144,6144,6144,diagonal,0.120280,0.159258,15,mm
rosko,16,99.900002,6144,6144,6144,row-pattern,0.170146,0.206983,15,mm
rosko,16,99.900002,6144,6144,6144,column-pattern,0.111498,0.155711,15,mm
rosko,18,99.900002,6144,6144,6144,random-uniform,0.205242,0.251402,15,mm
rosko,18,99.900002,6144,6144,6144,diagonal,0.124325,0.164729,15,mm
rosko,18,99.900002,6144,6144,6144,row-pattern,0.164764,0.202613,15,mm
rosko,18,99.900002,6144,6144,6144,column-pattern,0.115316,0.159674,15,mm
rosko,20,99.900002,6144,6144,6144,random-uniform,0.195434,0.241453,15,mm
rosko,20,99.900002,6144,6144,6144,diagonal,0.119164,0.159119,15,mm
rosko,20,99.900002,6144,6144,6144,row-pattern,0.159801,0.197442,15,mm
rosko,20,99.900002,6144,6144,6144,column-pattern,0.110843,0.155180,15,mm
rosko,25,99.900002,6144,6144,6144,random-uniform,0.203306,0.250363,15,mm
rosko,25,99.900002,6144,6144,6144,diagonal,0.122362,0.163233,15,mm
rosko,25,99.900002,6144,6144,6144,row-pattern,0.164111,0.203111,15,mm
rosko,25,99.900002,6144,6144,6144,column-pattern,0.111960,0.156523,15,mm
rosko,30,99.900002,6144,6144,6144,random-uniform,0.199066,0.245477,15,mm
rosko,30,99.900002,6144,6144,6144,diagonal,0.120271,0.160462,15,mm
rosko,30,99.900002,6144,6144,6144,row-pattern,0.172545,0.210578,15,mm
rosko,30,99.900002,6144,6144,6144,column-pattern,0.108392,0.153025,15,mm
rosko,35,99.900002,6144,6144,6144,random-uniform,0.198167,0.244394,15,mm
rosko,35,99.900002,6144,6144,6144,diagonal,0.121927,0.161972,15,mm
rosko,35,99.900002,6144,6144,6144,row-pattern,0.171971,0.209761,15,mm
rosko,35,99.900002,6144,6144,6144,column-pattern,0.110458,0.154292,15,mm
rosko,40,99.900002,6144,6144,6144,random-uniform,0.199497,0.246411,15,mm
rosko,40,99.900002,6144,6144,6144,diagonal,0.121594,0.162545,15,mm
rosko,40,99.900002,6144,6144,6144,row-pattern,0.160282,0.198793,15,mm
rosko,40,99.900002,6144,6144,6144,column-pattern,0.111636,0.156322,15,mm
rosko,50,99.900002,6144,6144,6144,random-uniform,0.202841,0.250688,15,mm
rosko,50,99.900002,6144,6144,6144,diagonal,0.125878,0.168617,15,mm
rosko,50,99.900002,6144,6144,6144,row-pattern,0.162583,0.203028,15,mm
rosko,50,99.900002,6144,6144,6144,column-pattern,0.114032,0.161798,15,mm
rosko,75,99.900002,6144,6144,6144,random-uniform,0.214368,0.263651,15,mm
rosko,75,99.900002,6144,6144,6144,diagonal,0.139014,0.182881,15,mm
rosko,75,99.900002,6144,6144,6144,row-pattern,0.160871,0.203140,15,mm
rosko,75,99.900002,6144,6144,6144,column-pattern,0.121537,0.167061,15,mm
rosko,100,99.900002,6144,6144,6144,random-uniform,0.222277,0.274442,15,mm
rosko,100,99.900002,6144,6144,6144,diagonal,0.149471,0.195889,15,mm
rosko,100,99.900002,6144,6144,6144,row-pattern,0.167194,0.211572,15,mm
rosko,100,99.900002,6144,6144,6144,column-pattern,0.127666,0.179451,15,mm
rosko,125,99.900002,6144,6144,6144,random-uniform,0.252701,0.312663,15,mm
rosko,125,99.900002,6144,6144,6144,diagonal,0.188005,0.241955,15,mm
rosko,125,99.900002,6144,6144,6144,row-pattern,0.223924,0.276593,15,mm
rosko,125,99.900002,6144,6144,6144,column-pattern,0.163787,0.222760,15,mm
rosko,150,99.900002,6144,6144,6144,random-uniform,0.242151,0.301536,15,mm
rosko,150,99.900002,6144,6144,6144,diagonal,0.175370,0.227738,15,mm
rosko,150,99.900002,6144,6144,6144,row-pattern,0.198086,0.249764,15,mm
rosko,150,99.900002,6144,6144,6144,column-pattern,0.148684,0.206234,15,mm
rosko,175,99.900002,6144,6144,6144,random-uniform,0.246037,0.306196,15,mm
rosko,175,99.900002,6144,6144,6144,diagonal,0.176393,0.229533,15,mm
rosko,175,99.900002,6144,6144,6144,row-pattern,0.194238,0.244374,15,mm
rosko,175,99.900002,6144,6144,6144,column-pattern,0.145126,0.202415,15,mm
rosko,200,99.900002,6144,6144,6144,random-uniform,0.254301,0.315491,15,mm
rosko,200,99.900002,6144,6144,6144,diagonal,0.186310,0.241509,15,mm
rosko,200,99.900002,6144,6144,6144,row-pattern,0.203800,0.256300,15,mm
rosko,200,99.900002,6144,6144,6144,column-pattern,0.156232,0.214313,15,mm
