algo,p,sp,M,K,N,sppattern,time,n,ntrials
rosko,4,97.000000,6144,6144,6144,diagonal,0.291188,30
rosko_base,4,97.000000,6144,6144,6144,random-uniform,0.465707,30
numpy_dia,4,97.0,6144,6144,6144,diagonal,1.286782,30
rosko,4,98.000000,6144,6144,6144,diagonal,0.234690,30
rosko_base,4,98.000000,6144,6144,6144,random-uniform,0.390748,30
numpy_dia,4,97.99,6144,6144,6144,diagonal,0.89455,30
rosko,4,99.000000,6144,6144,6144,diagonal,0.183224,30
rosko_base,4,99.000000,6144,6144,6144,random-uniform,0.292667,30
numpy_dia,4,99.01,6144,6144,6144,diagonal,0.484988,30
rosko,4,99.500000,6144,6144,6144,diagonal,0.133774,30
rosko_base,4,99.500000,6144,6144,6144,random-uniform,0.232529,30
numpy_dia,4,99.5,6144,6144,6144,diagonal,0.290847,30
rosko,4,99.699997,6144,6144,6144,diagonal,0.118374,30
rosko_base,4,99.699997,6144,6144,6144,random-uniform,0.224245,30
numpy_dia,4,99.69,6144,6144,6144,diagonal,0.214644,30
rosko,4,99.900002,6144,6144,6144,diagonal,0.116981,30
rosko_base,4,99.900002,6144,6144,6144,random-uniform,0.188612,30
numpy_dia,4,99.89,6144,6144,6144,diagonal,0.134438,30
