algo,p,sp,M,K,N,sppattern,time,n,ntrials
rosko,4,97.000000,4096,4096,4096,diagonal,0.107653,30
rosko_base,4,97.000000,4096,4096,4096,random-uniform,0.161229,30
numpy_dia,4,96.99,4096,4096,4096,diagonal,0.368816,30
rosko,4,98.000000,4096,4096,4096,diagonal,0.083568,30
rosko_base,4,98.000000,4096,4096,4096,random-uniform,0.125365,30
numpy_dia,4,97.99,4096,4096,4096,diagonal,0.258132,30
rosko,4,99.000000,4096,4096,4096,diagonal,0.094220,30
rosko_base,4,99.000000,4096,4096,4096,random-uniform,0.100094,30
numpy_dia,4,99.0,4096,4096,4096,diagonal,0.148547,30
rosko,4,99.500000,4096,4096,4096,diagonal,0.058372,30
rosko_base,4,99.500000,4096,4096,4096,random-uniform,0.091875,30
numpy_dia,4,99.49,4096,4096,4096,diagonal,0.096814,30
rosko,4,99.699997,4096,4096,4096,diagonal,0.059990,30
rosko_base,4,99.699997,4096,4096,4096,random-uniform,0.089502,30
numpy_dia,4,99.68,4096,4096,4096,diagonal,0.073913,30
rosko,4,99.900002,4096,4096,4096,diagonal,0.058861,30
rosko_base,4,99.900002,4096,4096,4096,random-uniform,0.079060,30
numpy_dia,4,99.88,4096,4096,4096,diagonal,0.051941,30
