algo,p,sp,M,K,N,sppattern,time,n,ntrials
rosko,4,60.000000,4096,4096,4096,row-pattern,0.911682,30
rosko_base,4,60.000000,4096,4096,4096,random-uniform,1.260487,30
numpy_dense,4,60.01,4096,4096,4096,row-pattern,0.135598,30
rosko,4,70.000000,4096,4096,4096,row-pattern,0.788241,30
rosko_base,4,70.000000,4096,4096,4096,random-uniform,1.030011,30
numpy_dense,4,70.0,4096,4096,4096,row-pattern,0.106094,30
rosko,4,80.000000,4096,4096,4096,row-pattern,0.589909,30
rosko_base,4,80.000000,4096,4096,4096,random-uniform,0.681310,30
numpy_dense,4,80.0,4096,4096,4096,row-pattern,0.078362,30
rosko,4,90.000000,4096,4096,4096,row-pattern,0.415777,30
rosko_base,4,90.000000,4096,4096,4096,random-uniform,0.336949,30
numpy_dense,4,89.99,4096,4096,4096,row-pattern,0.043998,30
rosko,4,95.000000,4096,4096,4096,row-pattern,0.259561,30
rosko_base,4,95.000000,4096,4096,4096,random-uniform,0.209876,30
numpy_dense,4,95.0,4096,4096,4096,row-pattern,0.022413,30
rosko,4,98.000000,4096,4096,4096,row-pattern,0.148523,30
rosko_base,4,98.000000,4096,4096,4096,random-uniform,0.126460,30
numpy_dense,4,98.0,4096,4096,4096,row-pattern,0.01152,30
rosko,4,99.000000,4096,4096,4096,row-pattern,0.107798,30
rosko_base,4,99.000000,4096,4096,4096,random-uniform,0.100947,30
numpy_dense,4,99.0,4096,4096,4096,row-pattern,0.007684,30
rosko,4,99.500000,4096,4096,4096,row-pattern,0.091092,30
rosko_base,4,99.500000,4096,4096,4096,random-uniform,0.091978,30
numpy_dense,4,99.51,4096,4096,4096,row-pattern,0.006039,30
rosko,4,99.699997,4096,4096,4096,row-pattern,0.083757,30
rosko_base,4,99.699997,4096,4096,4096,random-uniform,0.088372,30
numpy_dense,4,99.71,4096,4096,4096,row-pattern,0.006658,30
rosko,4,99.900002,4096,4096,4096,row-pattern,0.076712,30
rosko_base,4,99.900002,4096,4096,4096,random-uniform,0.078719,30
numpy_dense,4,99.9,4096,4096,4096,row-pattern,0.006323,30
