random-uniform,1,80.000000,100,100,100,0.001234,10
random-uniform,1,80.000000,100,100,100,0.001264,10
random-uniform,1,80.000000,100,100,100,0.001324,10
random-uniform,1,80.000000,100,100,100,0.001307,10
random-uniform,1,80.000000,100,100,100,0.001238,10
random-uniform,1,80.000000,100,100,100,0.001369,10
random-uniform,1,80.000000,100,100,100,0.001339,10
random-uniform,1,80.000000,100,100,100,0.001317,10
random-uniform,1,60.000000,100,100,100,0.001322,10
random-uniform,1,70.000000,100,100,100,0.001330,10
random-uniform,1,80.000000,100,100,100,0.001211,10
random-uniform,1,90.000000,100,100,100,0.001239,10
random-uniform,1,95.000000,100,100,100,0.001554,10
random-uniform,1,98.000000,100,100,100,0.001255,10
random-uniform,1,99.000000,100,100,100,0.001245,10
