algo,p,sp,M,K,N,sppattern,time,ntrials
rosko,10,60.609997,100,100,100,random-uniform,0.000069,10
naive,1,59.810001,100,100,100,random-uniform,0.001197,10
rosko,10,70.440002,100,100,100,random-uniform,0.000073,10
naive,1,69.389999,100,100,100,random-uniform,0.001242,10
rosko,10,79.320000,100,100,100,random-uniform,0.000066,10
naive,1,79.589996,100,100,100,random-uniform,0.001232,10
rosko,10,90.290001,100,100,100,random-uniform,0.000058,10
naive,1,89.790001,100,100,100,random-uniform,0.001362,10
rosko,10,94.880005,100,100,100,random-uniform,0.000059,10
naive,1,94.620003,100,100,100,random-uniform,0.001233,10
rosko,10,98.029999,100,100,100,random-uniform,0.000059,10
naive,1,98.070000,100,100,100,random-uniform,0.001400,10
rosko,10,99.099998,100,100,100,random-uniform,0.000056,10
naive,1,99.040001,100,100,100,random-uniform,0.001275,10
