algo,p,sp,M,K,N,time,ntrials
rosko,10,60.000000,5000,5000,5000,0.927767,10
python_sparse,10,60.0,5000,5000,5000,19.765791,10
rosko,10,70.000000,5000,5000,5000,0.782799,10
python_sparse,10,70.0,5000,5000,5000,14.844009,10
rosko,10,80.000000,5000,5000,5000,0.548862,10
python_sparse,10,80.0,5000,5000,5000,9.971492,10
rosko,10,90.000000,5000,5000,5000,0.246051,10
python_sparse,10,90.0,5000,5000,5000,5.031713,10
rosko,10,95.000000,5000,5000,5000,0.135777,10
python_sparse,10,95.0,5000,5000,5000,2.598319,10
rosko,10,98.000000,5000,5000,5000,0.086710,10
python_sparse,10,98.0,5000,5000,5000,1.089269,10
rosko,10,99.000000,5000,5000,5000,0.073823,10
python_sparse,10,99.0,5000,5000,5000,0.597469,10
