algo,p,sp,M,K,N,time,ntrials
rosko,10,60.000000,2000,2000,2000,0.066059,5
naive,1,60.000000,2000,2000,2000,-1.000000,10
python,10,60.0,2000,2000,2000,1.020154,10
rosko,10,70.000000,2000,2000,2000,0.055190,5
naive,1,70.000000,2000,2000,2000,-1.000000,10
python,10,70.0,2000,2000,2000,0.747279,10
rosko,10,80.000000,2000,2000,2000,0.040691,5
naive,1,80.000000,2000,2000,2000,-1.000000,10
python,10,80.0,2000,2000,2000,0.50148,10
rosko,10,90.000000,2000,2000,2000,0.017847,5
naive,1,90.000000,2000,2000,2000,-1.000000,10
python,10,90.0,2000,2000,2000,0.249458,10
