algo,p,sp,M,K,N,time,ntrials
rosko,10,0.600000,7000,7000,7000,1.434490,10
numpy_row_pattern,10,60.0,2800,7000,7000,0.664998,10
rosko,10,0.700000,7000,7000,7000,1.195513,10
numpy_row_pattern,10,70.0,2100,7000,7000,0.504019,10
rosko,10,0.800000,7000,7000,7000,0.960797,10
numpy_row_pattern,10,80.0,1400,7000,7000,0.309768,10
rosko,10,0.900000,7000,7000,7000,0.630290,10
numpy_row_pattern,10,90.0,700,7000,7000,0.172648,10
rosko,10,0.950000,7000,7000,7000,0.419983,10
numpy_row_pattern,10,95.0,350,7000,7000,0.093242,10
rosko,10,0.980000,7000,7000,7000,0.249526,10
numpy_row_pattern,10,98.0,140,7000,7000,0.045345,10
rosko,10,0.990000,7000,7000,7000,0.200478,10
numpy_row_pattern,10,99.0,70,7000,7000,0.026854,10
rosko,10,0.995000,7000,7000,7000,0.147691,10
numpy_row_pattern,10,99.5,35,7000,7000,0.019813,10
rosko,10,0.999000,7000,7000,7000,0.080580,10
numpy_row_pattern,10,99.9,7,7000,7000,0.011414,10
