algo,p,sp,M,K,N,sppattern,rosko-time,ntrials,L3_factor,L3_size
rosko,4,60.000000,6144,6144,6144,random-uniform,3.522815,15,0.100000,838861
rosko,4,60.000000,6144,6144,6144,random-uniform,3.591835,15,0.175000,1468006
rosko,4,60.000000,6144,6144,6144,random-uniform,3.669699,15,0.250000,2097152
rosko,4,60.000000,6144,6144,6144,random-uniform,3.861911,15,0.500000,4194304
rosko,4,60.000000,6144,6144,6144,random-uniform,4.011427,15,0.750000,6291456
rosko,4,60.000000,6144,6144,6144,random-uniform,4.082590,15,1.000000,8388608
rosko,4,60.000000,6144,6144,6144,random-uniform,4.152178,15,1.100000,9227469
rosko,4,60.000000,6144,6144,6144,random-uniform,4.169772,15,1.250000,10485760
rosko,4,60.000000,6144,6144,6144,random-uniform,4.186385,15,1.500000,12582912
rosko,4,60.000000,6144,6144,6144,random-uniform,4.277394,15,1.750000,14680064
rosko,4,60.000000,6144,6144,6144,random-uniform,4.281603,15,2.000000,16777216
rosko,4,60.000000,6144,6144,6144,diagonal,2.258436,15,0.100000,838861
rosko,4,60.000000,6144,6144,6144,diagonal,2.277179,15,0.175000,1468006
rosko,4,60.000000,6144,6144,6144,diagonal,2.269957,15,0.250000,2097152
rosko,4,60.000000,6144,6144,6144,diagonal,2.327754,15,0.500000,4194304
rosko,4,60.000000,6144,6144,6144,diagonal,2.393301,15,0.750000,6291456
rosko,4,60.000000,6144,6144,6144,diagonal,2.407014,15,1.000000,8388608
rosko,4,60.000000,6144,6144,6144,diagonal,2.422032,15,1.100000,9227469
rosko,4,60.000000,6144,6144,6144,diagonal,2.389484,15,1.250000,10485760
rosko,4,60.000000,6144,6144,6144,diagonal,2.421495,15,1.500000,12582912
rosko,4,60.000000,6144,6144,6144,diagonal,2.489113,15,1.750000,14680064
rosko,4,60.000000,6144,6144,6144,diagonal,2.460288,15,2.000000,16777216
rosko,4,60.000000,6144,6144,6144,row-pattern,3.130751,15,0.100000,838861
rosko,4,60.000000,6144,6144,6144,row-pattern,3.022928,15,0.175000,1468006
rosko,4,60.000000,6144,6144,6144,row-pattern,3.055281,15,0.250000,2097152
rosko,4,60.000000,6144,6144,6144,row-pattern,2.991755,15,0.500000,4194304
rosko,4,60.000000,6144,6144,6144,row-pattern,2.999425,15,0.750000,6291456
rosko,4,60.000000,6144,6144,6144,row-pattern,3.111590,15,1.000000,8388608
rosko,4,60.000000,6144,6144,6144,row-pattern,3.067911,15,1.100000,9227469
rosko,4,60.000000,6144,6144,6144,row-pattern,3.035725,15,1.250000,10485760
rosko,4,60.000000,6144,6144,6144,row-pattern,3.065900,15,1.500000,12582912
rosko,4,60.000000,6144,6144,6144,row-pattern,2.980917,15,1.750000,14680064
rosko,4,60.000000,6144,6144,6144,row-pattern,3.011948,15,2.000000,16777216
rosko,4,60.000000,6144,6144,6144,column-pattern,2.657471,15,0.100000,838861
rosko,4,60.000000,6144,6144,6144,column-pattern,2.579592,15,0.175000,1468006
rosko,4,60.000000,6144,6144,6144,column-pattern,2.549920,15,0.250000,2097152
rosko,4,60.000000,6144,6144,6144,column-pattern,2.524549,15,0.500000,4194304
rosko,4,60.000000,6144,6144,6144,column-pattern,2.571956,15,0.750000,6291456
rosko,4,60.000000,6144,6144,6144,column-pattern,2.565415,15,1.000000,8388608
rosko,4,60.000000,6144,6144,6144,column-pattern,2.571853,15,1.100000,9227469
rosko,4,60.000000,6144,6144,6144,column-pattern,2.554842,15,1.250000,10485760
rosko,4,60.000000,6144,6144,6144,column-pattern,2.565537,15,1.500000,12582912
rosko,4,60.000000,6144,6144,6144,column-pattern,2.562675,15,1.750000,14680064
rosko,4,60.000000,6144,6144,6144,column-pattern,2.559486,15,2.000000,16777216
rosko,4,70.000000,6144,6144,6144,random-uniform,2.997002,15,0.100000,838861
rosko,4,70.000000,6144,6144,6144,random-uniform,3.061289,15,0.175000,1468006
rosko,4,70.000000,6144,6144,6144,random-uniform,3.109481,15,0.250000,2097152
rosko,4,70.000000,6144,6144,6144,random-uniform,3.273573,15,0.500000,4194304
rosko,4,70.000000,6144,6144,6144,random-uniform,3.387639,15,0.750000,6291456
rosko,4,70.000000,6144,6144,6144,random-uniform,3.438070,15,1.000000,8388608
rosko,4,70.000000,6144,6144,6144,random-uniform,3.472922,15,1.100000,9227469
rosko,4,70.000000,6144,6144,6144,random-uniform,3.471378,15,1.250000,10485760
rosko,4,70.000000,6144,6144,6144,random-uniform,3.511457,15,1.500000,12582912
rosko,4,70.000000,6144,6144,6144,random-uniform,3.585887,15,1.750000,14680064
rosko,4,70.000000,6144,6144,6144,random-uniform,3.581097,15,2.000000,16777216
rosko,4,70.000000,6144,6144,6144,diagonal,1.767672,15,0.100000,838861
rosko,4,70.000000,6144,6144,6144,diagonal,1.786501,15,0.175000,1468006
rosko,4,70.000000,6144,6144,6144,diagonal,1.793948,15,0.250000,2097152
rosko,4,70.000000,6144,6144,6144,diagonal,1.829072,15,0.500000,4194304
rosko,4,70.000000,6144,6144,6144,diagonal,1.881574,15,0.750000,6291456
rosko,4,70.000000,6144,6144,6144,diagonal,1.870610,15,1.000000,8388608
rosko,4,70.000000,6144,6144,6144,diagonal,1.905244,15,1.100000,9227469
rosko,4,70.000000,6144,6144,6144,diagonal,1.863541,15,1.250000,10485760
rosko,4,70.000000,6144,6144,6144,diagonal,1.866927,15,1.500000,12582912
rosko,4,70.000000,6144,6144,6144,diagonal,1.912172,15,1.750000,14680064
rosko,4,70.000000,6144,6144,6144,diagonal,1.915957,15,2.000000,16777216
rosko,4,70.000000,6144,6144,6144,row-pattern,2.593437,15,0.100000,838861
rosko,4,70.000000,6144,6144,6144,row-pattern,2.643530,15,0.175000,1468006
rosko,4,70.000000,6144,6144,6144,row-pattern,2.561377,15,0.250000,2097152
rosko,4,70.000000,6144,6144,6144,row-pattern,2.519946,15,0.500000,4194304
rosko,4,70.000000,6144,6144,6144,row-pattern,2.508479,15,0.750000,6291456
rosko,4,70.000000,6144,6144,6144,row-pattern,2.537366,15,1.000000,8388608
rosko,4,70.000000,6144,6144,6144,row-pattern,2.478311,15,1.100000,9227469
rosko,4,70.000000,6144,6144,6144,row-pattern,2.590655,15,1.250000,10485760
rosko,4,70.000000,6144,6144,6144,row-pattern,2.525969,15,1.500000,12582912
rosko,4,70.000000,6144,6144,6144,row-pattern,2.459351,15,1.750000,14680064
rosko,4,70.000000,6144,6144,6144,row-pattern,2.497546,15,2.000000,16777216
rosko,4,70.000000,6144,6144,6144,column-pattern,2.070769,15,0.100000,838861
rosko,4,70.000000,6144,6144,6144,column-pattern,1.999844,15,0.175000,1468006
rosko,4,70.000000,6144,6144,6144,column-pattern,1.974444,15,0.250000,2097152
rosko,4,70.000000,6144,6144,6144,column-pattern,1.951748,15,0.500000,4194304
rosko,4,70.000000,6144,6144,6144,column-pattern,1.949159,15,0.750000,6291456
rosko,4,70.000000,6144,6144,6144,column-pattern,1.997039,15,1.000000,8388608
rosko,4,70.000000,6144,6144,6144,column-pattern,1.976882,15,1.100000,9227469
rosko,4,70.000000,6144,6144,6144,column-pattern,1.978675,15,1.250000,10485760
rosko,4,70.000000,6144,6144,6144,column-pattern,1.985157,15,1.500000,12582912
rosko,4,70.000000,6144,6144,6144,column-pattern,1.976870,15,1.750000,14680064
rosko,4,70.000000,6144,6144,6144,column-pattern,1.981589,15,2.000000,16777216
rosko,4,80.000000,6144,6144,6144,random-uniform,1.944878,15,0.100000,838861
rosko,4,80.000000,6144,6144,6144,random-uniform,1.996033,15,0.175000,1468006
rosko,4,80.000000,6144,6144,6144,random-uniform,2.037915,15,0.250000,2097152
rosko,4,80.000000,6144,6144,6144,random-uniform,2.156109,15,0.500000,4194304
rosko,4,80.000000,6144,6144,6144,random-uniform,2.212159,15,0.750000,6291456
rosko,4,80.000000,6144,6144,6144,random-uniform,2.303198,15,1.000000,8388608
rosko,4,80.000000,6144,6144,6144,random-uniform,2.293532,15,1.100000,9227469
rosko,4,80.000000,6144,6144,6144,random-uniform,2.295226,15,1.250000,10485760
rosko,4,80.000000,6144,6144,6144,random-uniform,2.355743,15,1.500000,12582912
rosko,4,80.000000,6144,6144,6144,random-uniform,2.372744,15,1.750000,14680064
rosko,4,80.000000,6144,6144,6144,random-uniform,2.377873,15,2.000000,16777216
rosko,4,80.000000,6144,6144,6144,diagonal,1.239084,15,0.100000,838861
rosko,4,80.000000,6144,6144,6144,diagonal,1.250521,15,0.175000,1468006
rosko,4,80.000000,6144,6144,6144,diagonal,1.250574,15,0.250000,2097152
rosko,4,80.000000,6144,6144,6144,diagonal,1.266089,15,0.500000,4194304
rosko,4,80.000000,6144,6144,6144,diagonal,1.315748,15,0.750000,6291456
rosko,4,80.000000,6144,6144,6144,diagonal,1.301635,15,1.000000,8388608
rosko,4,80.000000,6144,6144,6144,diagonal,1.299697,15,1.100000,9227469
rosko,4,80.000000,6144,6144,6144,diagonal,1.309358,15,1.250000,10485760
rosko,4,80.000000,6144,6144,6144,diagonal,1.317952,15,1.500000,12582912
rosko,4,80.000000,6144,6144,6144,diagonal,1.320218,15,1.750000,14680064
rosko,4,80.000000,6144,6144,6144,diagonal,1.336040,15,2.000000,16777216
rosko,4,80.000000,6144,6144,6144,row-pattern,2.000326,15,0.100000,838861
rosko,4,80.000000,6144,6144,6144,row-pattern,2.011065,15,0.175000,1468006
rosko,4,80.000000,6144,6144,6144,row-pattern,2.009986,15,0.250000,2097152
rosko,4,80.000000,6144,6144,6144,row-pattern,2.020541,15,0.500000,4194304
rosko,4,80.000000,6144,6144,6144,row-pattern,1.946182,15,0.750000,6291456
rosko,4,80.000000,6144,6144,6144,row-pattern,2.010114,15,1.000000,8388608
rosko,4,80.000000,6144,6144,6144,row-pattern,1.965363,15,1.100000,9227469
rosko,4,80.000000,6144,6144,6144,row-pattern,1.997043,15,1.250000,10485760
rosko,4,80.000000,6144,6144,6144,row-pattern,1.926115,15,1.500000,12582912
rosko,4,80.000000,6144,6144,6144,row-pattern,1.975167,15,1.750000,14680064
rosko,4,80.000000,6144,6144,6144,row-pattern,2.002157,15,2.000000,16777216
rosko,4,80.000000,6144,6144,6144,column-pattern,1.412903,15,0.100000,838861
rosko,4,80.000000,6144,6144,6144,column-pattern,1.383662,15,0.175000,1468006
rosko,4,80.000000,6144,6144,6144,column-pattern,1.370626,15,0.250000,2097152
rosko,4,80.000000,6144,6144,6144,column-pattern,1.350450,15,0.500000,4194304
rosko,4,80.000000,6144,6144,6144,column-pattern,1.349205,15,0.750000,6291456
rosko,4,80.000000,6144,6144,6144,column-pattern,1.386427,15,1.000000,8388608
rosko,4,80.000000,6144,6144,6144,column-pattern,1.373302,15,1.100000,9227469
rosko,4,80.000000,6144,6144,6144,column-pattern,1.378650,15,1.250000,10485760
rosko,4,80.000000,6144,6144,6144,column-pattern,1.390216,15,1.500000,12582912
rosko,4,80.000000,6144,6144,6144,column-pattern,1.383564,15,1.750000,14680064
rosko,4,80.000000,6144,6144,6144,column-pattern,1.383782,15,2.000000,16777216
rosko,4,85.000000,6144,6144,6144,random-uniform,1.486348,15,0.100000,838861
rosko,4,85.000000,6144,6144,6144,random-uniform,1.460170,15,0.175000,1468006
rosko,4,85.000000,6144,6144,6144,random-uniform,1.446788,15,0.250000,2097152
rosko,4,85.000000,6144,6144,6144,random-uniform,1.517521,15,0.500000,4194304
rosko,4,85.000000,6144,6144,6144,random-uniform,1.569018,15,0.750000,6291456
rosko,4,85.000000,6144,6144,6144,random-uniform,1.629697,15,1.000000,8388608
rosko,4,85.000000,6144,6144,6144,random-uniform,1.627514,15,1.100000,9227469
rosko,4,85.000000,6144,6144,6144,random-uniform,1.637913,15,1.250000,10485760
rosko,4,85.000000,6144,6144,6144,random-uniform,1.677797,15,1.500000,12582912
rosko,4,85.000000,6144,6144,6144,random-uniform,1.678167,15,1.750000,14680064
rosko,4,85.000000,6144,6144,6144,random-uniform,1.691380,15,2.000000,16777216
rosko,4,85.000000,6144,6144,6144,diagonal,0.954785,15,0.100000,838861
rosko,4,85.000000,6144,6144,6144,diagonal,0.964285,15,0.175000,1468006
rosko,4,85.000000,6144,6144,6144,diagonal,0.974107,15,0.250000,2097152
rosko,4,85.000000,6144,6144,6144,diagonal,0.987515,15,0.500000,4194304
rosko,4,85.000000,6144,6144,6144,diagonal,1.005443,15,0.750000,6291456
rosko,4,85.000000,6144,6144,6144,diagonal,1.006170,15,1.000000,8388608
rosko,4,85.000000,6144,6144,6144,diagonal,1.005748,15,1.100000,9227469
rosko,4,85.000000,6144,6144,6144,diagonal,1.017499,15,1.250000,10485760
rosko,4,85.000000,6144,6144,6144,diagonal,1.024847,15,1.500000,12582912
rosko,4,85.000000,6144,6144,6144,diagonal,1.031506,15,1.750000,14680064
rosko,4,85.000000,6144,6144,6144,diagonal,1.046845,15,2.000000,16777216
rosko,4,85.000000,6144,6144,6144,row-pattern,1.660175,15,0.100000,838861
rosko,4,85.000000,6144,6144,6144,row-pattern,1.670344,15,0.175000,1468006
rosko,4,85.000000,6144,6144,6144,row-pattern,1.649447,15,0.250000,2097152
rosko,4,85.000000,6144,6144,6144,row-pattern,1.592091,15,0.500000,4194304
rosko,4,85.000000,6144,6144,6144,row-pattern,1.568492,15,0.750000,6291456
rosko,4,85.000000,6144,6144,6144,row-pattern,1.623143,15,1.000000,8388608
rosko,4,85.000000,6144,6144,6144,row-pattern,1.623775,15,1.100000,9227469
rosko,4,85.000000,6144,6144,6144,row-pattern,1.585189,15,1.250000,10485760
rosko,4,85.000000,6144,6144,6144,row-pattern,1.625718,15,1.500000,12582912
rosko,4,85.000000,6144,6144,6144,row-pattern,1.599685,15,1.750000,14680064
rosko,4,85.000000,6144,6144,6144,row-pattern,1.608753,15,2.000000,16777216
rosko,4,85.000000,6144,6144,6144,column-pattern,1.082999,15,0.100000,838861
rosko,4,85.000000,6144,6144,6144,column-pattern,1.077360,15,0.175000,1468006
rosko,4,85.000000,6144,6144,6144,column-pattern,1.048690,15,0.250000,2097152
rosko,4,85.000000,6144,6144,6144,column-pattern,1.037160,15,0.500000,4194304
rosko,4,85.000000,6144,6144,6144,column-pattern,1.035509,15,0.750000,6291456
rosko,4,85.000000,6144,6144,6144,column-pattern,1.064408,15,1.000000,8388608
rosko,4,85.000000,6144,6144,6144,column-pattern,1.065394,15,1.100000,9227469
rosko,4,85.000000,6144,6144,6144,column-pattern,1.069639,15,1.250000,10485760
rosko,4,85.000000,6144,6144,6144,column-pattern,1.085824,15,1.500000,12582912
rosko,4,85.000000,6144,6144,6144,column-pattern,1.071432,15,1.750000,14680064
rosko,4,85.000000,6144,6144,6144,column-pattern,1.084170,15,2.000000,16777216
rosko,4,90.000000,6144,6144,6144,random-uniform,1.085169,15,0.100000,838861
rosko,4,90.000000,6144,6144,6144,random-uniform,1.047353,15,0.175000,1468006
rosko,4,90.000000,6144,6144,6144,random-uniform,1.031945,15,0.250000,2097152
rosko,4,90.000000,6144,6144,6144,random-uniform,1.060193,15,0.500000,4194304
rosko,4,90.000000,6144,6144,6144,random-uniform,1.054661,15,0.750000,6291456
rosko,4,90.000000,6144,6144,6144,random-uniform,1.072616,15,1.000000,8388608
rosko,4,90.000000,6144,6144,6144,random-uniform,1.079364,15,1.100000,9227469
rosko,4,90.000000,6144,6144,6144,random-uniform,1.085168,15,1.250000,10485760
rosko,4,90.000000,6144,6144,6144,random-uniform,1.098082,15,1.500000,12582912
rosko,4,90.000000,6144,6144,6144,random-uniform,1.105071,15,1.750000,14680064
rosko,4,90.000000,6144,6144,6144,random-uniform,1.110262,15,2.000000,16777216
rosko,4,90.000000,6144,6144,6144,diagonal,0.684634,15,0.100000,838861
rosko,4,90.000000,6144,6144,6144,diagonal,0.695244,15,0.175000,1468006
rosko,4,90.000000,6144,6144,6144,diagonal,0.693826,15,0.250000,2097152
rosko,4,90.000000,6144,6144,6144,diagonal,0.689905,15,0.500000,4194304
rosko,4,90.000000,6144,6144,6144,diagonal,0.727125,15,0.750000,6291456
rosko,4,90.000000,6144,6144,6144,diagonal,0.723307,15,1.000000,8388608
rosko,4,90.000000,6144,6144,6144,diagonal,0.716014,15,1.100000,9227469
rosko,4,90.000000,6144,6144,6144,diagonal,0.730154,15,1.250000,10485760
rosko,4,90.000000,6144,6144,6144,diagonal,0.741859,15,1.500000,12582912
rosko,4,90.000000,6144,6144,6144,diagonal,0.749224,15,1.750000,14680064
rosko,4,90.000000,6144,6144,6144,diagonal,0.759728,15,2.000000,16777216
rosko,4,90.000000,6144,6144,6144,row-pattern,1.338349,15,0.100000,838861
rosko,4,90.000000,6144,6144,6144,row-pattern,1.273058,15,0.175000,1468006
rosko,4,90.000000,6144,6144,6144,row-pattern,1.292650,15,0.250000,2097152
rosko,4,90.000000,6144,6144,6144,row-pattern,1.260883,15,0.500000,4194304
rosko,4,90.000000,6144,6144,6144,row-pattern,1.306175,15,0.750000,6291456
rosko,4,90.000000,6144,6144,6144,row-pattern,1.262487,15,1.000000,8388608
rosko,4,90.000000,6144,6144,6144,row-pattern,1.296182,15,1.100000,9227469
rosko,4,90.000000,6144,6144,6144,row-pattern,1.273746,15,1.250000,10485760
rosko,4,90.000000,6144,6144,6144,row-pattern,1.265561,15,1.500000,12582912
rosko,4,90.000000,6144,6144,6144,row-pattern,1.201097,15,1.750000,14680064
rosko,4,90.000000,6144,6144,6144,row-pattern,1.257186,15,2.000000,16777216
rosko,4,90.000000,6144,6144,6144,column-pattern,0.730458,15,0.100000,838861
rosko,4,90.000000,6144,6144,6144,column-pattern,0.744217,15,0.175000,1468006
rosko,4,90.000000,6144,6144,6144,column-pattern,0.758511,15,0.250000,2097152
rosko,4,90.000000,6144,6144,6144,column-pattern,0.727083,15,0.500000,4194304
rosko,4,90.000000,6144,6144,6144,column-pattern,0.740764,15,0.750000,6291456
rosko,4,90.000000,6144,6144,6144,column-pattern,0.767402,15,1.000000,8388608
rosko,4,90.000000,6144,6144,6144,column-pattern,0.765747,15,1.100000,9227469
rosko,4,90.000000,6144,6144,6144,column-pattern,0.762172,15,1.250000,10485760
rosko,4,90.000000,6144,6144,6144,column-pattern,0.774624,15,1.500000,12582912
rosko,4,90.000000,6144,6144,6144,column-pattern,0.774325,15,1.750000,14680064
rosko,4,90.000000,6144,6144,6144,column-pattern,0.777303,15,2.000000,16777216
rosko,4,95.000000,6144,6144,6144,random-uniform,0.667789,15,0.100000,838861
rosko,4,95.000000,6144,6144,6144,random-uniform,0.643269,15,0.175000,1468006
rosko,4,95.000000,6144,6144,6144,random-uniform,0.619093,15,0.250000,2097152
rosko,4,95.000000,6144,6144,6144,random-uniform,0.607223,15,0.500000,4194304
rosko,4,95.000000,6144,6144,6144,random-uniform,0.643858,15,0.750000,6291456
rosko,4,95.000000,6144,6144,6144,random-uniform,0.637228,15,1.000000,8388608
rosko,4,95.000000,6144,6144,6144,random-uniform,0.636426,15,1.100000,9227469
rosko,4,95.000000,6144,6144,6144,random-uniform,0.640963,15,1.250000,10485760
rosko,4,95.000000,6144,6144,6144,random-uniform,0.645065,15,1.500000,12582912
rosko,4,95.000000,6144,6144,6144,random-uniform,0.642962,15,1.750000,14680064
rosko,4,95.000000,6144,6144,6144,random-uniform,0.636328,15,2.000000,16777216
rosko,4,95.000000,6144,6144,6144,diagonal,0.388587,15,0.100000,838861
rosko,4,95.000000,6144,6144,6144,diagonal,0.389009,15,0.175000,1468006
rosko,4,95.000000,6144,6144,6144,diagonal,0.386890,15,0.250000,2097152
rosko,4,95.000000,6144,6144,6144,diagonal,0.390800,15,0.500000,4194304
rosko,4,95.000000,6144,6144,6144,diagonal,0.398625,15,0.750000,6291456
rosko,4,95.000000,6144,6144,6144,diagonal,0.421302,15,1.000000,8388608
rosko,4,95.000000,6144,6144,6144,diagonal,0.421222,15,1.100000,9227469
rosko,4,95.000000,6144,6144,6144,diagonal,0.423247,15,1.250000,10485760
rosko,4,95.000000,6144,6144,6144,diagonal,0.449753,15,1.500000,12582912
rosko,4,95.000000,6144,6144,6144,diagonal,0.447795,15,1.750000,14680064
rosko,4,95.000000,6144,6144,6144,diagonal,0.454754,15,2.000000,16777216
rosko,4,95.000000,6144,6144,6144,row-pattern,0.870736,15,0.100000,838861
rosko,4,95.000000,6144,6144,6144,row-pattern,0.881327,15,0.175000,1468006
rosko,4,95.000000,6144,6144,6144,row-pattern,0.792280,15,0.250000,2097152
rosko,4,95.000000,6144,6144,6144,row-pattern,0.892483,15,0.500000,4194304
rosko,4,95.000000,6144,6144,6144,row-pattern,0.793320,15,0.750000,6291456
rosko,4,95.000000,6144,6144,6144,row-pattern,0.781559,15,1.000000,8388608
rosko,4,95.000000,6144,6144,6144,row-pattern,0.828407,15,1.100000,9227469
rosko,4,95.000000,6144,6144,6144,row-pattern,0.796310,15,1.250000,10485760
rosko,4,95.000000,6144,6144,6144,row-pattern,0.800871,15,1.500000,12582912
rosko,4,95.000000,6144,6144,6144,row-pattern,0.781919,15,1.750000,14680064
rosko,4,95.000000,6144,6144,6144,row-pattern,0.818577,15,2.000000,16777216
rosko,4,95.000000,6144,6144,6144,column-pattern,0.417260,15,0.100000,838861
rosko,4,95.000000,6144,6144,6144,column-pattern,0.409882,15,0.175000,1468006
rosko,4,95.000000,6144,6144,6144,column-pattern,0.413625,15,0.250000,2097152
rosko,4,95.000000,6144,6144,6144,column-pattern,0.415190,15,0.500000,4194304
rosko,4,95.000000,6144,6144,6144,column-pattern,0.435824,15,0.750000,6291456
rosko,4,95.000000,6144,6144,6144,column-pattern,0.447151,15,1.000000,8388608
rosko,4,95.000000,6144,6144,6144,column-pattern,0.449381,15,1.100000,9227469
rosko,4,95.000000,6144,6144,6144,column-pattern,0.453419,15,1.250000,10485760
rosko,4,95.000000,6144,6144,6144,column-pattern,0.461258,15,1.500000,12582912
rosko,4,95.000000,6144,6144,6144,column-pattern,0.464445,15,1.750000,14680064
rosko,4,95.000000,6144,6144,6144,column-pattern,0.476074,15,2.000000,16777216
rosko,4,97.000000,6144,6144,6144,random-uniform,0.489478,15,0.100000,838861
rosko,4,97.000000,6144,6144,6144,random-uniform,0.467258,15,0.175000,1468006
rosko,4,97.000000,6144,6144,6144,random-uniform,0.449081,15,0.250000,2097152
rosko,4,97.000000,6144,6144,6144,random-uniform,0.434325,15,0.500000,4194304
rosko,4,97.000000,6144,6144,6144,random-uniform,0.443435,15,0.750000,6291456
rosko,4,97.000000,6144,6144,6144,random-uniform,0.465649,15,1.000000,8388608
rosko,4,97.000000,6144,6144,6144,random-uniform,0.456820,15,1.100000,9227469
rosko,4,97.000000,6144,6144,6144,random-uniform,0.467638,15,1.250000,10485760
rosko,4,97.000000,6144,6144,6144,random-uniform,0.450692,15,1.500000,12582912
rosko,4,97.000000,6144,6144,6144,random-uniform,0.464169,15,1.750000,14680064
rosko,4,97.000000,6144,6144,6144,random-uniform,0.463271,15,2.000000,16777216
rosko,4,97.000000,6144,6144,6144,diagonal,0.262744,15,0.100000,838861
rosko,4,97.000000,6144,6144,6144,diagonal,0.256762,15,0.175000,1468006
rosko,4,97.000000,6144,6144,6144,diagonal,0.260445,15,0.250000,2097152
rosko,4,97.000000,6144,6144,6144,diagonal,0.260416,15,0.500000,4194304
rosko,4,97.000000,6144,6144,6144,diagonal,0.295133,15,0.750000,6291456
rosko,4,97.000000,6144,6144,6144,diagonal,0.294916,15,1.000000,8388608
rosko,4,97.000000,6144,6144,6144,diagonal,0.292424,15,1.100000,9227469
rosko,4,97.000000,6144,6144,6144,diagonal,0.299799,15,1.250000,10485760
rosko,4,97.000000,6144,6144,6144,diagonal,0.309109,15,1.500000,12582912
rosko,4,97.000000,6144,6144,6144,diagonal,0.318283,15,1.750000,14680064
rosko,4,97.000000,6144,6144,6144,diagonal,0.326841,15,2.000000,16777216
rosko,4,97.000000,6144,6144,6144,row-pattern,0.660851,15,0.100000,838861
rosko,4,97.000000,6144,6144,6144,row-pattern,0.592645,15,0.175000,1468006
rosko,4,97.000000,6144,6144,6144,row-pattern,0.603811,15,0.250000,2097152
rosko,4,97.000000,6144,6144,6144,row-pattern,0.643471,15,0.500000,4194304
rosko,4,97.000000,6144,6144,6144,row-pattern,0.596756,15,0.750000,6291456
rosko,4,97.000000,6144,6144,6144,row-pattern,0.594805,15,1.000000,8388608
rosko,4,97.000000,6144,6144,6144,row-pattern,0.579786,15,1.100000,9227469
rosko,4,97.000000,6144,6144,6144,row-pattern,0.590186,15,1.250000,10485760
rosko,4,97.000000,6144,6144,6144,row-pattern,0.556156,15,1.500000,12582912
rosko,4,97.000000,6144,6144,6144,row-pattern,0.594479,15,1.750000,14680064
rosko,4,97.000000,6144,6144,6144,row-pattern,0.581766,15,2.000000,16777216
rosko,4,97.000000,6144,6144,6144,column-pattern,0.278182,15,0.100000,838861
rosko,4,97.000000,6144,6144,6144,column-pattern,0.272334,15,0.175000,1468006
rosko,4,97.000000,6144,6144,6144,column-pattern,0.277943,15,0.250000,2097152
rosko,4,97.000000,6144,6144,6144,column-pattern,0.286039,15,0.500000,4194304
rosko,4,97.000000,6144,6144,6144,column-pattern,0.298465,15,0.750000,6291456
rosko,4,97.000000,6144,6144,6144,column-pattern,0.295233,15,1.000000,8388608
rosko,4,97.000000,6144,6144,6144,column-pattern,0.304792,15,1.100000,9227469
rosko,4,97.000000,6144,6144,6144,column-pattern,0.310600,15,1.250000,10485760
rosko,4,97.000000,6144,6144,6144,column-pattern,0.316122,15,1.500000,12582912
rosko,4,97.000000,6144,6144,6144,column-pattern,0.312522,15,1.750000,14680064
rosko,4,97.000000,6144,6144,6144,column-pattern,0.323445,15,2.000000,16777216
rosko,4,98.000000,6144,6144,6144,random-uniform,0.416769,15,0.100000,838861
rosko,4,98.000000,6144,6144,6144,random-uniform,0.384952,15,0.175000,1468006
rosko,4,98.000000,6144,6144,6144,random-uniform,0.361924,15,0.250000,2097152
rosko,4,98.000000,6144,6144,6144,random-uniform,0.350970,15,0.500000,4194304
rosko,4,98.000000,6144,6144,6144,random-uniform,0.355867,15,0.750000,6291456
rosko,4,98.000000,6144,6144,6144,random-uniform,0.373359,15,1.000000,8388608
rosko,4,98.000000,6144,6144,6144,random-uniform,0.379386,15,1.100000,9227469
rosko,4,98.000000,6144,6144,6144,random-uniform,0.380417,15,1.250000,10485760
rosko,4,98.000000,6144,6144,6144,random-uniform,0.369629,15,1.500000,12582912
rosko,4,98.000000,6144,6144,6144,random-uniform,0.376244,15,1.750000,14680064
rosko,4,98.000000,6144,6144,6144,random-uniform,0.369083,15,2.000000,16777216
rosko,4,98.000000,6144,6144,6144,diagonal,0.201790,15,0.100000,838861
rosko,4,98.000000,6144,6144,6144,diagonal,0.201981,15,0.175000,1468006
rosko,4,98.000000,6144,6144,6144,diagonal,0.201350,15,0.250000,2097152
rosko,4,98.000000,6144,6144,6144,diagonal,0.204077,15,0.500000,4194304
rosko,4,98.000000,6144,6144,6144,diagonal,0.227425,15,0.750000,6291456
rosko,4,98.000000,6144,6144,6144,diagonal,0.237415,15,1.000000,8388608
rosko,4,98.000000,6144,6144,6144,diagonal,0.230077,15,1.100000,9227469
rosko,4,98.000000,6144,6144,6144,diagonal,0.243563,15,1.250000,10485760
rosko,4,98.000000,6144,6144,6144,diagonal,0.252772,15,1.500000,12582912
rosko,4,98.000000,6144,6144,6144,diagonal,0.264232,15,1.750000,14680064
rosko,4,98.000000,6144,6144,6144,diagonal,0.264365,15,2.000000,16777216
rosko,4,98.000000,6144,6144,6144,row-pattern,0.507096,15,0.100000,838861
rosko,4,98.000000,6144,6144,6144,row-pattern,0.496344,15,0.175000,1468006
rosko,4,98.000000,6144,6144,6144,row-pattern,0.533490,15,0.250000,2097152
rosko,4,98.000000,6144,6144,6144,row-pattern,0.466789,15,0.500000,4194304
rosko,4,98.000000,6144,6144,6144,row-pattern,0.454476,15,0.750000,6291456
rosko,4,98.000000,6144,6144,6144,row-pattern,0.433479,15,1.000000,8388608
rosko,4,98.000000,6144,6144,6144,row-pattern,0.476973,15,1.100000,9227469
rosko,4,98.000000,6144,6144,6144,row-pattern,0.468034,15,1.250000,10485760
rosko,4,98.000000,6144,6144,6144,row-pattern,0.434844,15,1.500000,12582912
rosko,4,98.000000,6144,6144,6144,row-pattern,0.466364,15,1.750000,14680064
rosko,4,98.000000,6144,6144,6144,row-pattern,0.471572,15,2.000000,16777216
rosko,4,98.000000,6144,6144,6144,column-pattern,0.217356,15,0.100000,838861
rosko,4,98.000000,6144,6144,6144,column-pattern,0.227418,15,0.175000,1468006
rosko,4,98.000000,6144,6144,6144,column-pattern,0.211039,15,0.250000,2097152
rosko,4,98.000000,6144,6144,6144,column-pattern,0.228975,15,0.500000,4194304
rosko,4,98.000000,6144,6144,6144,column-pattern,0.218031,15,0.750000,6291456
rosko,4,98.000000,6144,6144,6144,column-pattern,0.236860,15,1.000000,8388608
rosko,4,98.000000,6144,6144,6144,column-pattern,0.234995,15,1.100000,9227469
rosko,4,98.000000,6144,6144,6144,column-pattern,0.242608,15,1.250000,10485760
rosko,4,98.000000,6144,6144,6144,column-pattern,0.249034,15,1.500000,12582912
rosko,4,98.000000,6144,6144,6144,column-pattern,0.250511,15,1.750000,14680064
rosko,4,98.000000,6144,6144,6144,column-pattern,0.255781,15,2.000000,16777216
rosko,4,99.000000,6144,6144,6144,random-uniform,0.320065,15,0.100000,838861
rosko,4,99.000000,6144,6144,6144,random-uniform,0.299516,15,0.175000,1468006
rosko,4,99.000000,6144,6144,6144,random-uniform,0.283857,15,0.250000,2097152
rosko,4,99.000000,6144,6144,6144,random-uniform,0.306512,15,0.500000,4194304
rosko,4,99.000000,6144,6144,6144,random-uniform,0.276394,15,0.750000,6291456
rosko,4,99.000000,6144,6144,6144,random-uniform,0.285201,15,1.000000,8388608
rosko,4,99.000000,6144,6144,6144,random-uniform,0.289328,15,1.100000,9227469
rosko,4,99.000000,6144,6144,6144,random-uniform,0.288846,15,1.250000,10485760
rosko,4,99.000000,6144,6144,6144,random-uniform,0.289023,15,1.500000,12582912
rosko,4,99.000000,6144,6144,6144,random-uniform,0.288028,15,1.750000,14680064
rosko,4,99.000000,6144,6144,6144,random-uniform,0.287190,15,2.000000,16777216
rosko,4,99.000000,6144,6144,6144,diagonal,0.151311,15,0.100000,838861
rosko,4,99.000000,6144,6144,6144,diagonal,0.152256,15,0.175000,1468006
rosko,4,99.000000,6144,6144,6144,diagonal,0.153877,15,0.250000,2097152
rosko,4,99.000000,6144,6144,6144,diagonal,0.154092,15,0.500000,4194304
rosko,4,99.000000,6144,6144,6144,diagonal,0.159867,15,0.750000,6291456
rosko,4,99.000000,6144,6144,6144,diagonal,0.182243,15,1.000000,8388608
rosko,4,99.000000,6144,6144,6144,diagonal,0.186173,15,1.100000,9227469
rosko,4,99.000000,6144,6144,6144,diagonal,0.190401,15,1.250000,10485760
rosko,4,99.000000,6144,6144,6144,diagonal,0.204981,15,1.500000,12582912
rosko,4,99.000000,6144,6144,6144,diagonal,0.207736,15,1.750000,14680064
rosko,4,99.000000,6144,6144,6144,diagonal,0.213820,15,2.000000,16777216
rosko,4,99.000000,6144,6144,6144,row-pattern,0.388959,15,0.100000,838861
rosko,4,99.000000,6144,6144,6144,row-pattern,0.384034,15,0.175000,1468006
rosko,4,99.000000,6144,6144,6144,row-pattern,0.381246,15,0.250000,2097152
rosko,4,99.000000,6144,6144,6144,row-pattern,0.336529,15,0.500000,4194304
rosko,4,99.000000,6144,6144,6144,row-pattern,0.366098,15,0.750000,6291456
rosko,4,99.000000,6144,6144,6144,row-pattern,0.314632,15,1.000000,8388608
rosko,4,99.000000,6144,6144,6144,row-pattern,0.347393,15,1.100000,9227469
rosko,4,99.000000,6144,6144,6144,row-pattern,0.353264,15,1.250000,10485760
rosko,4,99.000000,6144,6144,6144,row-pattern,0.320874,15,1.500000,12582912
rosko,4,99.000000,6144,6144,6144,row-pattern,0.342202,15,1.750000,14680064
rosko,4,99.000000,6144,6144,6144,row-pattern,0.320433,15,2.000000,16777216
rosko,4,99.000000,6144,6144,6144,column-pattern,0.159498,15,0.100000,838861
rosko,4,99.000000,6144,6144,6144,column-pattern,0.155388,15,0.175000,1468006
rosko,4,99.000000,6144,6144,6144,column-pattern,0.154472,15,0.250000,2097152
rosko,4,99.000000,6144,6144,6144,column-pattern,0.158361,15,0.500000,4194304
rosko,4,99.000000,6144,6144,6144,column-pattern,0.171904,15,0.750000,6291456
rosko,4,99.000000,6144,6144,6144,column-pattern,0.176665,15,1.000000,8388608
rosko,4,99.000000,6144,6144,6144,column-pattern,0.178324,15,1.100000,9227469
rosko,4,99.000000,6144,6144,6144,column-pattern,0.179060,15,1.250000,10485760
rosko,4,99.000000,6144,6144,6144,column-pattern,0.190076,15,1.500000,12582912
rosko,4,99.000000,6144,6144,6144,column-pattern,0.192509,15,1.750000,14680064
rosko,4,99.000000,6144,6144,6144,column-pattern,0.193457,15,2.000000,16777216
rosko,4,99.900002,6144,6144,6144,random-uniform,0.144351,15,0.100000,838861
rosko,4,99.900002,6144,6144,6144,random-uniform,0.154779,15,0.175000,1468006
rosko,4,99.900002,6144,6144,6144,random-uniform,0.156335,15,0.250000,2097152
rosko,4,99.900002,6144,6144,6144,random-uniform,0.169046,15,0.500000,4194304
rosko,4,99.900002,6144,6144,6144,random-uniform,0.176728,15,0.750000,6291456
rosko,4,99.900002,6144,6144,6144,random-uniform,0.186438,15,1.000000,8388608
rosko,4,99.900002,6144,6144,6144,random-uniform,0.186868,15,1.100000,9227469
rosko,4,99.900002,6144,6144,6144,random-uniform,0.188252,15,1.250000,10485760
rosko,4,99.900002,6144,6144,6144,random-uniform,0.192770,15,1.500000,12582912
rosko,4,99.900002,6144,6144,6144,random-uniform,0.192765,15,1.750000,14680064
rosko,4,99.900002,6144,6144,6144,random-uniform,0.191783,15,2.000000,16777216
rosko,4,99.900002,6144,6144,6144,diagonal,0.097630,15,0.100000,838861
rosko,4,99.900002,6144,6144,6144,diagonal,0.095766,15,0.175000,1468006
rosko,4,99.900002,6144,6144,6144,diagonal,0.091955,15,0.250000,2097152
rosko,4,99.900002,6144,6144,6144,diagonal,0.098747,15,0.500000,4194304
rosko,4,99.900002,6144,6144,6144,diagonal,0.103541,15,0.750000,6291456
rosko,4,99.900002,6144,6144,6144,diagonal,0.116975,15,1.000000,8388608
rosko,4,99.900002,6144,6144,6144,diagonal,0.119485,15,1.100000,9227469
rosko,4,99.900002,6144,6144,6144,diagonal,0.124370,15,1.250000,10485760
rosko,4,99.900002,6144,6144,6144,diagonal,0.137074,15,1.500000,12582912
rosko,4,99.900002,6144,6144,6144,diagonal,0.140039,15,1.750000,14680064
rosko,4,99.900002,6144,6144,6144,diagonal,0.146108,15,2.000000,16777216
rosko,4,99.900002,6144,6144,6144,row-pattern,0.157733,15,0.100000,838861
rosko,4,99.900002,6144,6144,6144,row-pattern,0.149525,15,0.175000,1468006
rosko,4,99.900002,6144,6144,6144,row-pattern,0.164746,15,0.250000,2097152
rosko,4,99.900002,6144,6144,6144,row-pattern,0.154554,15,0.500000,4194304
rosko,4,99.900002,6144,6144,6144,row-pattern,0.151263,15,0.750000,6291456
rosko,4,99.900002,6144,6144,6144,row-pattern,0.169046,15,1.000000,8388608
rosko,4,99.900002,6144,6144,6144,row-pattern,0.174439,15,1.100000,9227469
rosko,4,99.900002,6144,6144,6144,row-pattern,0.176274,15,1.250000,10485760
rosko,4,99.900002,6144,6144,6144,row-pattern,0.166775,15,1.500000,12582912
rosko,4,99.900002,6144,6144,6144,row-pattern,0.159446,15,1.750000,14680064
rosko,4,99.900002,6144,6144,6144,row-pattern,0.188967,15,2.000000,16777216
rosko,4,99.900002,6144,6144,6144,column-pattern,0.089311,15,0.100000,838861
rosko,4,99.900002,6144,6144,6144,column-pattern,0.089546,15,0.175000,1468006
rosko,4,99.900002,6144,6144,6144,column-pattern,0.092272,15,0.250000,2097152
rosko,4,99.900002,6144,6144,6144,column-pattern,0.094613,15,0.500000,4194304
rosko,4,99.900002,6144,6144,6144,column-pattern,0.102553,15,0.750000,6291456
rosko,4,99.900002,6144,6144,6144,column-pattern,0.111197,15,1.000000,8388608
rosko,4,99.900002,6144,6144,6144,column-pattern,0.110970,15,1.100000,9227469
rosko,4,99.900002,6144,6144,6144,column-pattern,0.114642,15,1.250000,10485760
rosko,4,99.900002,6144,6144,6144,column-pattern,0.124592,15,1.500000,12582912
rosko,4,99.900002,6144,6144,6144,column-pattern,0.129065,15,1.750000,14680064
rosko,4,99.900002,6144,6144,6144,column-pattern,0.134021,15,2.000000,16777216
