algo,p,sp,M,K,N,sppattern,rosko-time,ntrials,L3_factor,L3_size
rosko,6,60.000000,3000,3000,3000,random-uniform,0.341985,6,0.100000,2516583
rosko,6,60.000000,3000,3000,3000,random-uniform,0.386533,6,0.250000,6291456
rosko,6,60.000000,3000,3000,3000,random-uniform,0.394809,6,0.500000,12582912
rosko,6,60.000000,3000,3000,3000,random-uniform,0.407693,6,1.000000,25165824
rosko,6,60.000000,3000,3000,3000,random-uniform,0.422095,6,1.100000,27682408
rosko,6,60.000000,3000,3000,3000,random-uniform,0.414095,6,1.500000,37748736
rosko,6,60.000000,3000,3000,3000,random-uniform,0.464089,6,2.000000,50331648
rosko,6,60.000000,3000,3000,3000,diagonal,0.187316,6,0.100000,2516583
rosko,6,60.000000,3000,3000,3000,diagonal,0.180729,6,0.250000,6291456
rosko,6,60.000000,3000,3000,3000,diagonal,0.183909,6,0.500000,12582912
rosko,6,60.000000,3000,3000,3000,diagonal,0.181435,6,1.000000,25165824
rosko,6,60.000000,3000,3000,3000,diagonal,0.179703,6,1.100000,27682408
rosko,6,60.000000,3000,3000,3000,diagonal,0.194470,6,1.500000,37748736
rosko,6,60.000000,3000,3000,3000,diagonal,0.179170,6,2.000000,50331648
rosko,6,60.000000,3000,3000,3000,row-pattern,0.260819,6,0.100000,2516583
rosko,6,60.000000,3000,3000,3000,row-pattern,0.209736,6,0.250000,6291456
rosko,6,60.000000,3000,3000,3000,row-pattern,0.213405,6,0.500000,12582912
rosko,6,60.000000,3000,3000,3000,row-pattern,0.227934,6,1.000000,25165824
rosko,6,60.000000,3000,3000,3000,row-pattern,0.219514,6,1.100000,27682408
rosko,6,60.000000,3000,3000,3000,row-pattern,0.233110,6,1.500000,37748736
rosko,6,60.000000,3000,3000,3000,row-pattern,0.293295,6,2.000000,50331648
rosko,6,60.000000,3000,3000,3000,column-pattern,0.217462,6,0.100000,2516583
rosko,6,60.000000,3000,3000,3000,column-pattern,0.225861,6,0.250000,6291456
rosko,6,60.000000,3000,3000,3000,column-pattern,0.185767,6,0.500000,12582912
rosko,6,60.000000,3000,3000,3000,column-pattern,0.187397,6,1.000000,25165824
rosko,6,60.000000,3000,3000,3000,column-pattern,0.179529,6,1.100000,27682408
rosko,6,60.000000,3000,3000,3000,column-pattern,0.183068,6,1.500000,37748736
rosko,6,60.000000,3000,3000,3000,column-pattern,0.184501,6,2.000000,50331648
rosko,6,70.000000,3000,3000,3000,random-uniform,0.288764,6,0.100000,2516583
rosko,6,70.000000,3000,3000,3000,random-uniform,0.326850,6,0.250000,6291456
rosko,6,70.000000,3000,3000,3000,random-uniform,0.333018,6,0.500000,12582912
rosko,6,70.000000,3000,3000,3000,random-uniform,0.358946,6,1.000000,25165824
rosko,6,70.000000,3000,3000,3000,random-uniform,0.350213,6,1.100000,27682408
rosko,6,70.000000,3000,3000,3000,random-uniform,0.364894,6,1.500000,37748736
rosko,6,70.000000,3000,3000,3000,random-uniform,0.365417,6,2.000000,50331648
rosko,6,70.000000,3000,3000,3000,diagonal,0.130013,6,0.100000,2516583
rosko,6,70.000000,3000,3000,3000,diagonal,0.159131,6,0.250000,6291456
rosko,6,70.000000,3000,3000,3000,diagonal,0.147389,6,0.500000,12582912
rosko,6,70.000000,3000,3000,3000,diagonal,0.148734,6,1.000000,25165824
rosko,6,70.000000,3000,3000,3000,diagonal,0.148500,6,1.100000,27682408
rosko,6,70.000000,3000,3000,3000,diagonal,0.142932,6,1.500000,37748736
rosko,6,70.000000,3000,3000,3000,diagonal,0.147612,6,2.000000,50331648
rosko,6,70.000000,3000,3000,3000,row-pattern,0.209668,6,0.100000,2516583
rosko,6,70.000000,3000,3000,3000,row-pattern,0.194387,6,0.250000,6291456
rosko,6,70.000000,3000,3000,3000,row-pattern,0.182809,6,0.500000,12582912
rosko,6,70.000000,3000,3000,3000,row-pattern,0.211422,6,1.000000,25165824
rosko,6,70.000000,3000,3000,3000,row-pattern,0.199433,6,1.100000,27682408
rosko,6,70.000000,3000,3000,3000,row-pattern,0.195603,6,1.500000,37748736
rosko,6,70.000000,3000,3000,3000,row-pattern,0.200805,6,2.000000,50331648
rosko,6,70.000000,3000,3000,3000,column-pattern,0.159586,6,0.100000,2516583
rosko,6,70.000000,3000,3000,3000,column-pattern,0.144984,6,0.250000,6291456
rosko,6,70.000000,3000,3000,3000,column-pattern,0.140060,6,0.500000,12582912
rosko,6,70.000000,3000,3000,3000,column-pattern,0.140381,6,1.000000,25165824
rosko,6,70.000000,3000,3000,3000,column-pattern,0.143178,6,1.100000,27682408
rosko,6,70.000000,3000,3000,3000,column-pattern,0.144670,6,1.500000,37748736
rosko,6,70.000000,3000,3000,3000,column-pattern,0.147452,6,2.000000,50331648
rosko,6,80.000000,3000,3000,3000,random-uniform,0.198559,6,0.100000,2516583
rosko,6,80.000000,3000,3000,3000,random-uniform,0.266922,6,0.250000,6291456
rosko,6,80.000000,3000,3000,3000,random-uniform,0.259159,6,0.500000,12582912
rosko,6,80.000000,3000,3000,3000,random-uniform,0.264929,6,1.000000,25165824
rosko,6,80.000000,3000,3000,3000,random-uniform,0.272054,6,1.100000,27682408
rosko,6,80.000000,3000,3000,3000,random-uniform,0.283805,6,1.500000,37748736
rosko,6,80.000000,3000,3000,3000,random-uniform,0.280104,6,2.000000,50331648
rosko,6,80.000000,3000,3000,3000,diagonal,0.108118,6,0.100000,2516583
rosko,6,80.000000,3000,3000,3000,diagonal,0.112858,6,0.250000,6291456
rosko,6,80.000000,3000,3000,3000,diagonal,0.105571,6,0.500000,12582912
rosko,6,80.000000,3000,3000,3000,diagonal,0.107650,6,1.000000,25165824
rosko,6,80.000000,3000,3000,3000,diagonal,0.100975,6,1.100000,27682408
rosko,6,80.000000,3000,3000,3000,diagonal,0.118999,6,1.500000,37748736
rosko,6,80.000000,3000,3000,3000,diagonal,0.109432,6,2.000000,50331648
rosko,6,80.000000,3000,3000,3000,row-pattern,0.171853,6,0.100000,2516583
rosko,6,80.000000,3000,3000,3000,row-pattern,0.177990,6,0.250000,6291456
rosko,6,80.000000,3000,3000,3000,row-pattern,0.157647,6,0.500000,12582912
rosko,6,80.000000,3000,3000,3000,row-pattern,0.201323,6,1.000000,25165824
rosko,6,80.000000,3000,3000,3000,row-pattern,0.194249,6,1.100000,27682408
rosko,6,80.000000,3000,3000,3000,row-pattern,0.234830,6,1.500000,37748736
rosko,6,80.000000,3000,3000,3000,row-pattern,0.162657,6,2.000000,50331648
rosko,6,80.000000,3000,3000,3000,column-pattern,0.141753,6,0.100000,2516583
rosko,6,80.000000,3000,3000,3000,column-pattern,0.114359,6,0.250000,6291456
rosko,6,80.000000,3000,3000,3000,column-pattern,0.131606,6,0.500000,12582912
rosko,6,80.000000,3000,3000,3000,column-pattern,0.113278,6,1.000000,25165824
rosko,6,80.000000,3000,3000,3000,column-pattern,0.109190,6,1.100000,27682408
rosko,6,80.000000,3000,3000,3000,column-pattern,0.114041,6,1.500000,37748736
rosko,6,80.000000,3000,3000,3000,column-pattern,0.107236,6,2.000000,50331648
rosko,6,85.000000,3000,3000,3000,random-uniform,0.175936,6,0.100000,2516583
rosko,6,85.000000,3000,3000,3000,random-uniform,0.185020,6,0.250000,6291456
rosko,6,85.000000,3000,3000,3000,random-uniform,0.173928,6,0.500000,12582912
rosko,6,85.000000,3000,3000,3000,random-uniform,0.178837,6,1.000000,25165824
rosko,6,85.000000,3000,3000,3000,random-uniform,0.188816,6,1.100000,27682408
rosko,6,85.000000,3000,3000,3000,random-uniform,0.176316,6,1.500000,37748736
rosko,6,85.000000,3000,3000,3000,random-uniform,0.202029,6,2.000000,50331648
rosko,6,85.000000,3000,3000,3000,diagonal,0.112621,6,0.100000,2516583
rosko,6,85.000000,3000,3000,3000,diagonal,0.085226,6,0.250000,6291456
rosko,6,85.000000,3000,3000,3000,diagonal,0.100139,6,0.500000,12582912
rosko,6,85.000000,3000,3000,3000,diagonal,0.090101,6,1.000000,25165824
rosko,6,85.000000,3000,3000,3000,diagonal,0.090870,6,1.100000,27682408
rosko,6,85.000000,3000,3000,3000,diagonal,0.115049,6,1.500000,37748736
rosko,6,85.000000,3000,3000,3000,diagonal,0.096077,6,2.000000,50331648
rosko,6,85.000000,3000,3000,3000,row-pattern,0.163350,6,0.100000,2516583
rosko,6,85.000000,3000,3000,3000,row-pattern,0.184677,6,0.250000,6291456
rosko,6,85.000000,3000,3000,3000,row-pattern,0.137604,6,0.500000,12582912
rosko,6,85.000000,3000,3000,3000,row-pattern,0.145022,6,1.000000,25165824
rosko,6,85.000000,3000,3000,3000,row-pattern,0.177327,6,1.100000,27682408
rosko,6,85.000000,3000,3000,3000,row-pattern,0.158519,6,1.500000,37748736
rosko,6,85.000000,3000,3000,3000,row-pattern,0.143016,6,2.000000,50331648
rosko,6,85.000000,3000,3000,3000,column-pattern,0.131004,6,0.100000,2516583
rosko,6,85.000000,3000,3000,3000,column-pattern,0.100804,6,0.250000,6291456
rosko,6,85.000000,3000,3000,3000,column-pattern,0.104370,6,0.500000,12582912
rosko,6,85.000000,3000,3000,3000,column-pattern,0.088829,6,1.000000,25165824
rosko,6,85.000000,3000,3000,3000,column-pattern,0.107945,6,1.100000,27682408
rosko,6,85.000000,3000,3000,3000,column-pattern,0.097279,6,1.500000,37748736
rosko,6,85.000000,3000,3000,3000,column-pattern,0.092495,6,2.000000,50331648
rosko,6,90.000000,3000,3000,3000,random-uniform,0.089469,6,0.100000,2516583
rosko,6,90.000000,3000,3000,3000,random-uniform,0.091478,6,0.250000,6291456
rosko,6,90.000000,3000,3000,3000,random-uniform,0.102752,6,0.500000,12582912
rosko,6,90.000000,3000,3000,3000,random-uniform,0.102955,6,1.000000,25165824
rosko,6,90.000000,3000,3000,3000,random-uniform,0.118601,6,1.100000,27682408
rosko,6,90.000000,3000,3000,3000,random-uniform,0.148656,6,1.500000,37748736
rosko,6,90.000000,3000,3000,3000,random-uniform,0.120659,6,2.000000,50331648
rosko,6,90.000000,3000,3000,3000,diagonal,0.116006,6,0.100000,2516583
rosko,6,90.000000,3000,3000,3000,diagonal,0.070995,6,0.250000,6291456
rosko,6,90.000000,3000,3000,3000,diagonal,0.067941,6,0.500000,12582912
rosko,6,90.000000,3000,3000,3000,diagonal,0.082562,6,1.000000,25165824
rosko,6,90.000000,3000,3000,3000,diagonal,0.075356,6,1.100000,27682408
rosko,6,90.000000,3000,3000,3000,diagonal,0.064238,6,1.500000,37748736
rosko,6,90.000000,3000,3000,3000,diagonal,0.068365,6,2.000000,50331648
rosko,6,90.000000,3000,3000,3000,row-pattern,0.131178,6,0.100000,2516583
rosko,6,90.000000,3000,3000,3000,row-pattern,0.111864,6,0.250000,6291456
rosko,6,90.000000,3000,3000,3000,row-pattern,0.124319,6,0.500000,12582912
rosko,6,90.000000,3000,3000,3000,row-pattern,0.123004,6,1.000000,25165824
rosko,6,90.000000,3000,3000,3000,row-pattern,0.113138,6,1.100000,27682408
rosko,6,90.000000,3000,3000,3000,row-pattern,0.133572,6,1.500000,37748736
rosko,6,90.000000,3000,3000,3000,row-pattern,0.132839,6,2.000000,50331648
rosko,6,90.000000,3000,3000,3000,column-pattern,0.079911,6,0.100000,2516583
rosko,6,90.000000,3000,3000,3000,column-pattern,0.072811,6,0.250000,6291456
rosko,6,90.000000,3000,3000,3000,column-pattern,0.069875,6,0.500000,12582912
rosko,6,90.000000,3000,3000,3000,column-pattern,0.091292,6,1.000000,25165824
rosko,6,90.000000,3000,3000,3000,column-pattern,0.099533,6,1.100000,27682408
rosko,6,90.000000,3000,3000,3000,column-pattern,0.088429,6,1.500000,37748736
rosko,6,90.000000,3000,3000,3000,column-pattern,0.074637,6,2.000000,50331648
rosko,6,95.000000,3000,3000,3000,random-uniform,0.071172,6,0.100000,2516583
rosko,6,95.000000,3000,3000,3000,random-uniform,0.072772,6,0.250000,6291456
rosko,6,95.000000,3000,3000,3000,random-uniform,0.054461,6,0.500000,12582912
rosko,6,95.000000,3000,3000,3000,random-uniform,0.071126,6,1.000000,25165824
rosko,6,95.000000,3000,3000,3000,random-uniform,0.081364,6,1.100000,27682408
rosko,6,95.000000,3000,3000,3000,random-uniform,0.064081,6,1.500000,37748736
rosko,6,95.000000,3000,3000,3000,random-uniform,0.065236,6,2.000000,50331648
rosko,6,95.000000,3000,3000,3000,diagonal,0.063717,6,0.100000,2516583
rosko,6,95.000000,3000,3000,3000,diagonal,0.048806,6,0.250000,6291456
rosko,6,95.000000,3000,3000,3000,diagonal,0.059372,6,0.500000,12582912
rosko,6,95.000000,3000,3000,3000,diagonal,0.060491,6,1.000000,25165824
rosko,6,95.000000,3000,3000,3000,diagonal,0.067333,6,1.100000,27682408
rosko,6,95.000000,3000,3000,3000,diagonal,0.074272,6,1.500000,37748736
rosko,6,95.000000,3000,3000,3000,diagonal,0.050293,6,2.000000,50331648
rosko,6,95.000000,3000,3000,3000,row-pattern,0.122521,6,0.100000,2516583
rosko,6,95.000000,3000,3000,3000,row-pattern,0.086808,6,0.250000,6291456
rosko,6,95.000000,3000,3000,3000,row-pattern,0.082932,6,0.500000,12582912
rosko,6,95.000000,3000,3000,3000,row-pattern,0.082621,6,1.000000,25165824
rosko,6,95.000000,3000,3000,3000,row-pattern,0.089950,6,1.100000,27682408
rosko,6,95.000000,3000,3000,3000,row-pattern,0.086054,6,1.500000,37748736
rosko,6,95.000000,3000,3000,3000,row-pattern,0.108341,6,2.000000,50331648
rosko,6,95.000000,3000,3000,3000,column-pattern,0.064986,6,0.100000,2516583
rosko,6,95.000000,3000,3000,3000,column-pattern,0.077477,6,0.250000,6291456
rosko,6,95.000000,3000,3000,3000,column-pattern,0.059346,6,0.500000,12582912
rosko,6,95.000000,3000,3000,3000,column-pattern,0.055795,6,1.000000,25165824
rosko,6,95.000000,3000,3000,3000,column-pattern,0.079777,6,1.100000,27682408
rosko,6,95.000000,3000,3000,3000,column-pattern,0.059922,6,1.500000,37748736
rosko,6,95.000000,3000,3000,3000,column-pattern,0.057157,6,2.000000,50331648
rosko,6,97.000000,3000,3000,3000,random-uniform,0.079683,6,0.100000,2516583
rosko,6,97.000000,3000,3000,3000,random-uniform,0.066128,6,0.250000,6291456
rosko,6,97.000000,3000,3000,3000,random-uniform,0.060131,6,0.500000,12582912
rosko,6,97.000000,3000,3000,3000,random-uniform,0.057723,6,1.000000,25165824
rosko,6,97.000000,3000,3000,3000,random-uniform,0.054230,6,1.100000,27682408
rosko,6,97.000000,3000,3000,3000,random-uniform,0.051264,6,1.500000,37748736
rosko,6,97.000000,3000,3000,3000,random-uniform,0.051462,6,2.000000,50331648
rosko,6,97.000000,3000,3000,3000,diagonal,0.050298,6,0.100000,2516583
rosko,6,97.000000,3000,3000,3000,diagonal,0.054169,6,0.250000,6291456
rosko,6,97.000000,3000,3000,3000,diagonal,0.050566,6,0.500000,12582912
rosko,6,97.000000,3000,3000,3000,diagonal,0.051789,6,1.000000,25165824
rosko,6,97.000000,3000,3000,3000,diagonal,0.053334,6,1.100000,27682408
rosko,6,97.000000,3000,3000,3000,diagonal,0.054671,6,1.500000,37748736
rosko,6,97.000000,3000,3000,3000,diagonal,0.049837,6,2.000000,50331648
rosko,6,97.000000,3000,3000,3000,row-pattern,0.078954,6,0.100000,2516583
rosko,6,97.000000,3000,3000,3000,row-pattern,0.066706,6,0.250000,6291456
rosko,6,97.000000,3000,3000,3000,row-pattern,0.072445,6,0.500000,12582912
rosko,6,97.000000,3000,3000,3000,row-pattern,0.091661,6,1.000000,25165824
rosko,6,97.000000,3000,3000,3000,row-pattern,0.077966,6,1.100000,27682408
rosko,6,97.000000,3000,3000,3000,row-pattern,0.075060,6,1.500000,37748736
rosko,6,97.000000,3000,3000,3000,row-pattern,0.069909,6,2.000000,50331648
rosko,6,97.000000,3000,3000,3000,column-pattern,0.030812,6,0.100000,2516583
rosko,6,97.000000,3000,3000,3000,column-pattern,0.052016,6,0.250000,6291456
rosko,6,97.000000,3000,3000,3000,column-pattern,0.048114,6,0.500000,12582912
rosko,6,97.000000,3000,3000,3000,column-pattern,0.051568,6,1.000000,25165824
rosko,6,97.000000,3000,3000,3000,column-pattern,0.048015,6,1.100000,27682408
rosko,6,97.000000,3000,3000,3000,column-pattern,0.076061,6,1.500000,37748736
rosko,6,97.000000,3000,3000,3000,column-pattern,0.050574,6,2.000000,50331648
rosko,6,98.000000,3000,3000,3000,random-uniform,0.054399,6,0.100000,2516583
rosko,6,98.000000,3000,3000,3000,random-uniform,0.049943,6,0.250000,6291456
rosko,6,98.000000,3000,3000,3000,random-uniform,0.058348,6,0.500000,12582912
rosko,6,98.000000,3000,3000,3000,random-uniform,0.048620,6,1.000000,25165824
rosko,6,98.000000,3000,3000,3000,random-uniform,0.048958,6,1.100000,27682408
rosko,6,98.000000,3000,3000,3000,random-uniform,0.046257,6,1.500000,37748736
rosko,6,98.000000,3000,3000,3000,random-uniform,0.044692,6,2.000000,50331648
rosko,6,98.000000,3000,3000,3000,diagonal,0.023572,6,0.100000,2516583
rosko,6,98.000000,3000,3000,3000,diagonal,0.042896,6,0.250000,6291456
rosko,6,98.000000,3000,3000,3000,diagonal,0.038959,6,0.500000,12582912
rosko,6,98.000000,3000,3000,3000,diagonal,0.053544,6,1.000000,25165824
rosko,6,98.000000,3000,3000,3000,diagonal,0.046346,6,1.100000,27682408
rosko,6,98.000000,3000,3000,3000,diagonal,0.050250,6,1.500000,37748736
rosko,6,98.000000,3000,3000,3000,diagonal,0.044319,6,2.000000,50331648
rosko,6,98.000000,3000,3000,3000,row-pattern,0.067330,6,0.100000,2516583
rosko,6,98.000000,3000,3000,3000,row-pattern,0.067769,6,0.250000,6291456
rosko,6,98.000000,3000,3000,3000,row-pattern,0.067720,6,0.500000,12582912
rosko,6,98.000000,3000,3000,3000,row-pattern,0.081384,6,1.000000,25165824
rosko,6,98.000000,3000,3000,3000,row-pattern,0.102029,6,1.100000,27682408
rosko,6,98.000000,3000,3000,3000,row-pattern,0.077299,6,1.500000,37748736
rosko,6,98.000000,3000,3000,3000,row-pattern,0.057255,6,2.000000,50331648
rosko,6,98.000000,3000,3000,3000,column-pattern,0.053596,6,0.100000,2516583
rosko,6,98.000000,3000,3000,3000,column-pattern,0.043115,6,0.250000,6291456
rosko,6,98.000000,3000,3000,3000,column-pattern,0.045092,6,0.500000,12582912
rosko,6,98.000000,3000,3000,3000,column-pattern,0.044847,6,1.000000,25165824
rosko,6,98.000000,3000,3000,3000,column-pattern,0.084073,6,1.100000,27682408
rosko,6,98.000000,3000,3000,3000,column-pattern,0.046738,6,1.500000,37748736
rosko,6,98.000000,3000,3000,3000,column-pattern,0.045337,6,2.000000,50331648
rosko,6,99.000000,3000,3000,3000,random-uniform,0.043168,6,0.100000,2516583
rosko,6,99.000000,3000,3000,3000,random-uniform,0.047932,6,0.250000,6291456
rosko,6,99.000000,3000,3000,3000,random-uniform,0.050860,6,0.500000,12582912
rosko,6,99.000000,3000,3000,3000,random-uniform,0.060302,6,1.000000,25165824
rosko,6,99.000000,3000,3000,3000,random-uniform,0.054948,6,1.100000,27682408
rosko,6,99.000000,3000,3000,3000,random-uniform,0.044702,6,1.500000,37748736
rosko,6,99.000000,3000,3000,3000,random-uniform,0.039980,6,2.000000,50331648
rosko,6,99.000000,3000,3000,3000,diagonal,0.022858,6,0.100000,2516583
rosko,6,99.000000,3000,3000,3000,diagonal,0.025773,6,0.250000,6291456
rosko,6,99.000000,3000,3000,3000,diagonal,0.030612,6,0.500000,12582912
rosko,6,99.000000,3000,3000,3000,diagonal,0.035600,6,1.000000,25165824
rosko,6,99.000000,3000,3000,3000,diagonal,0.033980,6,1.100000,27682408
rosko,6,99.000000,3000,3000,3000,diagonal,0.048963,6,1.500000,37748736
rosko,6,99.000000,3000,3000,3000,diagonal,0.045432,6,2.000000,50331648
rosko,6,99.000000,3000,3000,3000,row-pattern,0.051683,6,0.100000,2516583
rosko,6,99.000000,3000,3000,3000,row-pattern,0.057377,6,0.250000,6291456
rosko,6,99.000000,3000,3000,3000,row-pattern,0.046157,6,0.500000,12582912
rosko,6,99.000000,3000,3000,3000,row-pattern,0.054394,6,1.000000,25165824
rosko,6,99.000000,3000,3000,3000,row-pattern,0.051742,6,1.100000,27682408
rosko,6,99.000000,3000,3000,3000,row-pattern,0.057003,6,1.500000,37748736
rosko,6,99.000000,3000,3000,3000,row-pattern,0.052990,6,2.000000,50331648
rosko,6,99.000000,3000,3000,3000,column-pattern,0.056933,6,0.100000,2516583
rosko,6,99.000000,3000,3000,3000,column-pattern,0.038430,6,0.250000,6291456
rosko,6,99.000000,3000,3000,3000,column-pattern,0.034399,6,0.500000,12582912
rosko,6,99.000000,3000,3000,3000,column-pattern,0.047447,6,1.000000,25165824
rosko,6,99.000000,3000,3000,3000,column-pattern,0.039503,6,1.100000,27682408
rosko,6,99.000000,3000,3000,3000,column-pattern,0.039983,6,1.500000,37748736
rosko,6,99.000000,3000,3000,3000,column-pattern,0.036911,6,2.000000,50331648
rosko,6,99.900002,3000,3000,3000,random-uniform,0.040911,6,0.100000,2516583
rosko,6,99.900002,3000,3000,3000,random-uniform,0.041182,6,0.250000,6291456
rosko,6,99.900002,3000,3000,3000,random-uniform,0.035738,6,0.500000,12582912
rosko,6,99.900002,3000,3000,3000,random-uniform,0.034615,6,1.000000,25165824
rosko,6,99.900002,3000,3000,3000,random-uniform,0.036897,6,1.100000,27682408
rosko,6,99.900002,3000,3000,3000,random-uniform,0.037593,6,1.500000,37748736
rosko,6,99.900002,3000,3000,3000,random-uniform,0.043099,6,2.000000,50331648
rosko,6,99.900002,3000,3000,3000,diagonal,0.017759,6,0.100000,2516583
rosko,6,99.900002,3000,3000,3000,diagonal,0.018159,6,0.250000,6291456
rosko,6,99.900002,3000,3000,3000,diagonal,0.044422,6,0.500000,12582912
rosko,6,99.900002,3000,3000,3000,diagonal,0.043871,6,1.000000,25165824
rosko,6,99.900002,3000,3000,3000,diagonal,0.033673,6,1.100000,27682408
rosko,6,99.900002,3000,3000,3000,diagonal,0.042055,6,1.500000,37748736
rosko,6,99.900002,3000,3000,3000,diagonal,0.036122,6,2.000000,50331648
rosko,6,99.900002,3000,3000,3000,row-pattern,0.049673,6,0.100000,2516583
rosko,6,99.900002,3000,3000,3000,row-pattern,0.019037,6,0.250000,6291456
rosko,6,99.900002,3000,3000,3000,row-pattern,0.036746,6,0.500000,12582912
rosko,6,99.900002,3000,3000,3000,row-pattern,0.032749,6,1.000000,25165824
rosko,6,99.900002,3000,3000,3000,row-pattern,0.044888,6,1.100000,27682408
rosko,6,99.900002,3000,3000,3000,row-pattern,0.043383,6,1.500000,37748736
rosko,6,99.900002,3000,3000,3000,row-pattern,0.037789,6,2.000000,50331648
rosko,6,99.900002,3000,3000,3000,column-pattern,0.022157,6,0.100000,2516583
rosko,6,99.900002,3000,3000,3000,column-pattern,0.021269,6,0.250000,6291456
rosko,6,99.900002,3000,3000,3000,column-pattern,0.041392,6,0.500000,12582912
rosko,6,99.900002,3000,3000,3000,column-pattern,0.038737,6,1.000000,25165824
rosko,6,99.900002,3000,3000,3000,column-pattern,0.031976,6,1.100000,27682408
rosko,6,99.900002,3000,3000,3000,column-pattern,0.049422,6,1.500000,37748736
rosko,6,99.900002,3000,3000,3000,column-pattern,0.042039,6,2.000000,50331648
