algo,p,sp,M,K,N,sppattern,rosko-time,ntrials,L3_factor,L3_size
rosko,6,90.000000,2000,2000,2000,random-uniform,0.034248,2,0.100000,2516583
rosko,6,90.000000,2000,2000,2000,random-uniform,0.026221,2,0.250000,6291456
rosko,6,90.000000,2000,2000,2000,random-uniform,0.032755,2,0.500000,12582912
rosko,6,90.000000,2000,2000,2000,random-uniform,0.030397,2,1.000000,25165824
rosko,6,90.000000,2000,2000,2000,random-uniform,0.031381,2,1.100000,27682408
rosko,6,90.000000,2000,2000,2000,random-uniform,0.061213,2,1.500000,37748736
rosko,6,90.000000,2000,2000,2000,random-uniform,0.110724,2,2.000000,50331648
rosko,6,90.000000,2000,2000,2000,diagonal,0.069089,2,0.100000,2516583
rosko,6,90.000000,2000,2000,2000,diagonal,0.032480,2,0.250000,6291456
rosko,6,90.000000,2000,2000,2000,diagonal,0.018770,2,0.500000,12582912
rosko,6,90.000000,2000,2000,2000,diagonal,0.019472,2,1.000000,25165824
rosko,6,90.000000,2000,2000,2000,diagonal,0.024664,2,1.100000,27682408
rosko,6,90.000000,2000,2000,2000,diagonal,0.022915,2,1.500000,37748736
rosko,6,90.000000,2000,2000,2000,diagonal,0.018667,2,2.000000,50331648
rosko,6,90.000000,2000,2000,2000,row-pattern,0.042010,2,0.100000,2516583
rosko,6,90.000000,2000,2000,2000,row-pattern,0.034272,2,0.250000,6291456
rosko,6,90.000000,2000,2000,2000,row-pattern,0.036352,2,0.500000,12582912
rosko,6,90.000000,2000,2000,2000,row-pattern,0.034768,2,1.000000,25165824
rosko,6,90.000000,2000,2000,2000,row-pattern,0.036455,2,1.100000,27682408
rosko,6,90.000000,2000,2000,2000,row-pattern,0.035367,2,1.500000,37748736
rosko,6,90.000000,2000,2000,2000,row-pattern,0.032183,2,2.000000,50331648
rosko,6,90.000000,2000,2000,2000,column-pattern,0.036101,2,0.100000,2516583
rosko,6,90.000000,2000,2000,2000,column-pattern,0.020523,2,0.250000,6291456
rosko,6,90.000000,2000,2000,2000,column-pattern,0.019825,2,0.500000,12582912
rosko,6,90.000000,2000,2000,2000,column-pattern,0.021105,2,1.000000,25165824
rosko,6,90.000000,2000,2000,2000,column-pattern,0.024048,2,1.100000,27682408
rosko,6,90.000000,2000,2000,2000,column-pattern,0.021102,2,1.500000,37748736
rosko,6,90.000000,2000,2000,2000,column-pattern,0.020519,2,2.000000,50331648
rosko,7,90.000000,2000,2000,2000,random-uniform,0.035412,2,0.100000,2516583
rosko,7,90.000000,2000,2000,2000,random-uniform,0.035333,2,0.250000,6291456
rosko,7,90.000000,2000,2000,2000,random-uniform,0.038447,2,0.500000,12582912
rosko,7,90.000000,2000,2000,2000,random-uniform,0.042426,2,1.000000,25165824
rosko,7,90.000000,2000,2000,2000,random-uniform,0.041847,2,1.100000,27682408
rosko,7,90.000000,2000,2000,2000,random-uniform,0.041835,2,1.500000,37748736
rosko,7,90.000000,2000,2000,2000,random-uniform,0.036280,2,2.000000,50331648
rosko,7,90.000000,2000,2000,2000,diagonal,0.027597,2,0.100000,2516583
rosko,7,90.000000,2000,2000,2000,diagonal,0.025992,2,0.250000,6291456
rosko,7,90.000000,2000,2000,2000,diagonal,0.027205,2,0.500000,12582912
rosko,7,90.000000,2000,2000,2000,diagonal,0.027818,2,1.000000,25165824
rosko,7,90.000000,2000,2000,2000,diagonal,0.028692,2,1.100000,27682408
rosko,7,90.000000,2000,2000,2000,diagonal,0.030474,2,1.500000,37748736
rosko,7,90.000000,2000,2000,2000,diagonal,0.028434,2,2.000000,50331648
rosko,7,90.000000,2000,2000,2000,row-pattern,0.042970,2,0.100000,2516583
rosko,7,90.000000,2000,2000,2000,row-pattern,0.041044,2,0.250000,6291456
rosko,7,90.000000,2000,2000,2000,row-pattern,0.040329,2,0.500000,12582912
rosko,7,90.000000,2000,2000,2000,row-pattern,0.049447,2,1.000000,25165824
rosko,7,90.000000,2000,2000,2000,row-pattern,0.042373,2,1.100000,27682408
rosko,7,90.000000,2000,2000,2000,row-pattern,0.044027,2,1.500000,37748736
rosko,7,90.000000,2000,2000,2000,row-pattern,0.046834,2,2.000000,50331648
rosko,7,90.000000,2000,2000,2000,column-pattern,0.029454,2,0.100000,2516583
rosko,7,90.000000,2000,2000,2000,column-pattern,0.025430,2,0.250000,6291456
rosko,7,90.000000,2000,2000,2000,column-pattern,0.027560,2,0.500000,12582912
rosko,7,90.000000,2000,2000,2000,column-pattern,0.028002,2,1.000000,25165824
rosko,7,90.000000,2000,2000,2000,column-pattern,0.030629,2,1.100000,27682408
rosko,7,90.000000,2000,2000,2000,column-pattern,0.029528,2,1.500000,37748736
rosko,7,90.000000,2000,2000,2000,column-pattern,0.031258,2,2.000000,50331648
rosko,8,90.000000,2000,2000,2000,random-uniform,0.034919,2,0.100000,2516583
rosko,8,90.000000,2000,2000,2000,random-uniform,0.032145,2,0.250000,6291456
rosko,8,90.000000,2000,2000,2000,random-uniform,0.036134,2,0.500000,12582912
rosko,8,90.000000,2000,2000,2000,random-uniform,0.035438,2,1.000000,25165824
rosko,8,90.000000,2000,2000,2000,random-uniform,0.036392,2,1.100000,27682408
rosko,8,90.000000,2000,2000,2000,random-uniform,0.037434,2,1.500000,37748736
rosko,8,90.000000,2000,2000,2000,random-uniform,0.035270,2,2.000000,50331648
rosko,8,90.000000,2000,2000,2000,diagonal,0.026509,2,0.100000,2516583
rosko,8,90.000000,2000,2000,2000,diagonal,0.025285,2,0.250000,6291456
rosko,8,90.000000,2000,2000,2000,diagonal,0.027026,2,0.500000,12582912
rosko,8,90.000000,2000,2000,2000,diagonal,0.025512,2,1.000000,25165824
rosko,8,90.000000,2000,2000,2000,diagonal,0.024856,2,1.100000,27682408
rosko,8,90.000000,2000,2000,2000,diagonal,0.024743,2,1.500000,37748736
rosko,8,90.000000,2000,2000,2000,diagonal,0.027217,2,2.000000,50331648
rosko,8,90.000000,2000,2000,2000,row-pattern,0.041642,2,0.100000,2516583
rosko,8,90.000000,2000,2000,2000,row-pattern,0.036992,2,0.250000,6291456
rosko,8,90.000000,2000,2000,2000,row-pattern,0.038918,2,0.500000,12582912
rosko,8,90.000000,2000,2000,2000,row-pattern,0.037847,2,1.000000,25165824
rosko,8,90.000000,2000,2000,2000,row-pattern,0.033851,2,1.100000,27682408
rosko,8,90.000000,2000,2000,2000,row-pattern,0.036444,2,1.500000,37748736
rosko,8,90.000000,2000,2000,2000,row-pattern,0.037020,2,2.000000,50331648
rosko,8,90.000000,2000,2000,2000,column-pattern,0.026316,2,0.100000,2516583
rosko,8,90.000000,2000,2000,2000,column-pattern,0.025645,2,0.250000,6291456
rosko,8,90.000000,2000,2000,2000,column-pattern,0.027583,2,0.500000,12582912
rosko,8,90.000000,2000,2000,2000,column-pattern,0.025447,2,1.000000,25165824
rosko,8,90.000000,2000,2000,2000,column-pattern,0.025529,2,1.100000,27682408
rosko,8,90.000000,2000,2000,2000,column-pattern,0.026295,2,1.500000,37748736
rosko,8,90.000000,2000,2000,2000,column-pattern,0.025821,2,2.000000,50331648
rosko,9,90.000000,2000,2000,2000,random-uniform,0.029848,2,0.100000,2516583
rosko,9,90.000000,2000,2000,2000,random-uniform,0.029604,2,0.250000,6291456
rosko,9,90.000000,2000,2000,2000,random-uniform,0.032502,2,0.500000,12582912
rosko,9,90.000000,2000,2000,2000,random-uniform,0.043628,2,1.000000,25165824
rosko,9,90.000000,2000,2000,2000,random-uniform,0.034948,2,1.100000,27682408
rosko,9,90.000000,2000,2000,2000,random-uniform,0.035033,2,1.500000,37748736
rosko,9,90.000000,2000,2000,2000,random-uniform,0.035325,2,2.000000,50331648
rosko,9,90.000000,2000,2000,2000,diagonal,0.025981,2,0.100000,2516583
rosko,9,90.000000,2000,2000,2000,diagonal,0.025578,2,0.250000,6291456
rosko,9,90.000000,2000,2000,2000,diagonal,0.025007,2,0.500000,12582912
rosko,9,90.000000,2000,2000,2000,diagonal,0.022379,2,1.000000,25165824
rosko,9,90.000000,2000,2000,2000,diagonal,0.023379,2,1.100000,27682408
rosko,9,90.000000,2000,2000,2000,diagonal,0.023082,2,1.500000,37748736
rosko,9,90.000000,2000,2000,2000,diagonal,0.026952,2,2.000000,50331648
rosko,9,90.000000,2000,2000,2000,row-pattern,0.039184,2,0.100000,2516583
rosko,9,90.000000,2000,2000,2000,row-pattern,0.038807,2,0.250000,6291456
rosko,9,90.000000,2000,2000,2000,row-pattern,0.041861,2,0.500000,12582912
rosko,9,90.000000,2000,2000,2000,row-pattern,0.035613,2,1.000000,25165824
rosko,9,90.000000,2000,2000,2000,row-pattern,0.052991,2,1.100000,27682408
rosko,9,90.000000,2000,2000,2000,row-pattern,0.037667,2,1.500000,37748736
rosko,9,90.000000,2000,2000,2000,row-pattern,0.034706,2,2.000000,50331648
rosko,9,90.000000,2000,2000,2000,column-pattern,0.025629,2,0.100000,2516583
rosko,9,90.000000,2000,2000,2000,column-pattern,0.025733,2,0.250000,6291456
rosko,9,90.000000,2000,2000,2000,column-pattern,0.024438,2,0.500000,12582912
rosko,9,90.000000,2000,2000,2000,column-pattern,0.023435,2,1.000000,25165824
rosko,9,90.000000,2000,2000,2000,column-pattern,0.025109,2,1.100000,27682408
rosko,9,90.000000,2000,2000,2000,column-pattern,0.024940,2,1.500000,37748736
rosko,9,90.000000,2000,2000,2000,column-pattern,0.025026,2,2.000000,50331648
rosko,10,90.000000,2000,2000,2000,random-uniform,0.029336,2,0.100000,2516583
rosko,10,90.000000,2000,2000,2000,random-uniform,0.030355,2,0.250000,6291456
rosko,10,90.000000,2000,2000,2000,random-uniform,0.038768,2,0.500000,12582912
rosko,10,90.000000,2000,2000,2000,random-uniform,0.032217,2,1.000000,25165824
rosko,10,90.000000,2000,2000,2000,random-uniform,0.033005,2,1.100000,27682408
rosko,10,90.000000,2000,2000,2000,row-pattern,0.043250,2,0.100000,2516583
rosko,10,90.000000,2000,2000,2000,row-pattern,0.041457,2,0.250000,6291456
rosko,10,90.000000,2000,2000,2000,row-pattern,0.041044,2,0.500000,12582912
rosko,10,90.000000,2000,2000,2000,row-pattern,0.037133,2,1.000000,25165824
rosko,10,90.000000,2000,2000,2000,row-pattern,0.036132,2,1.100000,27682408
rosko,10,90.000000,2000,2000,2000,row-pattern,0.032614,2,1.500000,37748736
rosko,10,90.000000,2000,2000,2000,row-pattern,0.032782,2,2.000000,50331648
rosko,10,90.000000,2000,2000,2000,column-pattern,0.024606,2,0.100000,2516583
rosko,10,90.000000,2000,2000,2000,column-pattern,0.025001,2,0.250000,6291456
rosko,10,90.000000,2000,2000,2000,column-pattern,0.023782,2,0.500000,12582912
rosko,10,90.000000,2000,2000,2000,column-pattern,0.023197,2,1.000000,25165824
rosko,10,90.000000,2000,2000,2000,column-pattern,0.023815,2,1.100000,27682408
rosko,10,90.000000,2000,2000,2000,column-pattern,0.026484,2,1.500000,37748736
rosko,10,90.000000,2000,2000,2000,column-pattern,0.023386,2,2.000000,50331648
rosko,12,90.000000,2000,2000,2000,random-uniform,0.032132,2,0.100000,2516583
rosko,12,90.000000,2000,2000,2000,random-uniform,0.028105,2,0.250000,6291456
rosko,12,90.000000,2000,2000,2000,random-uniform,0.034865,2,0.500000,12582912
rosko,12,90.000000,2000,2000,2000,random-uniform,0.032163,2,1.000000,25165824
rosko,12,90.000000,2000,2000,2000,random-uniform,0.038261,2,1.100000,27682408
rosko,12,90.000000,2000,2000,2000,random-uniform,0.033375,2,1.500000,37748736
rosko,12,90.000000,2000,2000,2000,random-uniform,0.033144,2,2.000000,50331648
rosko,12,90.000000,2000,2000,2000,diagonal,0.024321,2,0.100000,2516583
rosko,12,90.000000,2000,2000,2000,diagonal,0.024113,2,0.250000,6291456
rosko,12,90.000000,2000,2000,2000,diagonal,0.026253,2,0.500000,12582912
rosko,12,90.000000,2000,2000,2000,diagonal,0.029877,2,1.000000,25165824
rosko,12,90.000000,2000,2000,2000,diagonal,0.024231,2,1.100000,27682408
rosko,12,90.000000,2000,2000,2000,diagonal,0.027272,2,1.500000,37748736
rosko,12,90.000000,2000,2000,2000,diagonal,0.026260,2,2.000000,50331648
rosko,12,90.000000,2000,2000,2000,row-pattern,0.037516,2,0.100000,2516583
rosko,12,90.000000,2000,2000,2000,row-pattern,0.033138,2,0.250000,6291456
rosko,12,90.000000,2000,2000,2000,row-pattern,0.041747,2,0.500000,12582912
rosko,12,90.000000,2000,2000,2000,row-pattern,0.040296,2,1.000000,25165824
rosko,12,90.000000,2000,2000,2000,row-pattern,0.037363,2,1.100000,27682408
rosko,12,90.000000,2000,2000,2000,row-pattern,0.035968,2,1.500000,37748736
rosko,12,90.000000,2000,2000,2000,row-pattern,0.036082,2,2.000000,50331648
rosko,12,90.000000,2000,2000,2000,column-pattern,0.031651,2,0.100000,2516583
rosko,12,90.000000,2000,2000,2000,column-pattern,0.026662,2,0.250000,6291456
rosko,12,90.000000,2000,2000,2000,column-pattern,0.025755,2,0.500000,12582912
rosko,12,90.000000,2000,2000,2000,column-pattern,0.025502,2,1.000000,25165824
rosko,12,90.000000,2000,2000,2000,column-pattern,0.025369,2,1.100000,27682408
rosko,12,90.000000,2000,2000,2000,column-pattern,0.025457,2,1.500000,37748736
rosko,12,90.000000,2000,2000,2000,column-pattern,0.024926,2,2.000000,50331648
rosko,14,90.000000,2000,2000,2000,random-uniform,0.031677,2,0.100000,2516583
rosko,14,90.000000,2000,2000,2000,random-uniform,0.029285,2,0.250000,6291456
rosko,14,90.000000,2000,2000,2000,random-uniform,0.031307,2,0.500000,12582912
rosko,14,90.000000,2000,2000,2000,random-uniform,0.029327,2,1.000000,25165824
rosko,14,90.000000,2000,2000,2000,random-uniform,0.034842,2,1.100000,27682408
rosko,14,90.000000,2000,2000,2000,random-uniform,0.029059,2,1.500000,37748736
rosko,14,90.000000,2000,2000,2000,random-uniform,0.029906,2,2.000000,50331648
rosko,14,90.000000,2000,2000,2000,diagonal,0.040082,2,0.100000,2516583
rosko,14,90.000000,2000,2000,2000,diagonal,0.022178,2,0.250000,6291456
rosko,14,90.000000,2000,2000,2000,diagonal,0.029710,2,0.500000,12582912
rosko,14,90.000000,2000,2000,2000,diagonal,0.023726,2,1.000000,25165824
rosko,14,90.000000,2000,2000,2000,diagonal,0.022501,2,1.100000,27682408
rosko,14,90.000000,2000,2000,2000,diagonal,0.022737,2,1.500000,37748736
rosko,14,90.000000,2000,2000,2000,diagonal,0.022895,2,2.000000,50331648
rosko,14,90.000000,2000,2000,2000,row-pattern,0.038982,2,0.100000,2516583
rosko,14,90.000000,2000,2000,2000,row-pattern,0.034735,2,0.250000,6291456
rosko,14,90.000000,2000,2000,2000,row-pattern,0.051944,2,0.500000,12582912
rosko,14,90.000000,2000,2000,2000,row-pattern,0.036150,2,1.000000,25165824
rosko,14,90.000000,2000,2000,2000,row-pattern,0.037490,2,1.100000,27682408
rosko,14,90.000000,2000,2000,2000,row-pattern,0.037331,2,1.500000,37748736
rosko,14,90.000000,2000,2000,2000,row-pattern,0.040941,2,2.000000,50331648
rosko,14,90.000000,2000,2000,2000,column-pattern,0.026561,2,0.100000,2516583
rosko,14,90.000000,2000,2000,2000,column-pattern,0.024533,2,0.250000,6291456
rosko,14,90.000000,2000,2000,2000,column-pattern,0.027761,2,0.500000,12582912
rosko,14,90.000000,2000,2000,2000,column-pattern,0.026587,2,1.000000,25165824
rosko,14,90.000000,2000,2000,2000,column-pattern,0.024228,2,1.100000,27682408
rosko,14,90.000000,2000,2000,2000,column-pattern,0.023321,2,1.500000,37748736
rosko,14,90.000000,2000,2000,2000,column-pattern,0.030853,2,2.000000,50331648
rosko,16,90.000000,2000,2000,2000,random-uniform,0.035009,2,0.100000,2516583
rosko,16,90.000000,2000,2000,2000,random-uniform,0.030870,2,0.250000,6291456
rosko,16,90.000000,2000,2000,2000,random-uniform,0.028346,2,0.500000,12582912
rosko,16,90.000000,2000,2000,2000,random-uniform,0.026074,2,1.000000,25165824
rosko,16,90.000000,2000,2000,2000,random-uniform,0.026978,2,1.100000,27682408
rosko,16,90.000000,2000,2000,2000,random-uniform,0.025670,2,1.500000,37748736
rosko,16,90.000000,2000,2000,2000,random-uniform,0.028306,2,2.000000,50331648
rosko,16,90.000000,2000,2000,2000,diagonal,0.026342,2,0.100000,2516583
rosko,16,90.000000,2000,2000,2000,diagonal,0.023069,2,0.250000,6291456
rosko,16,90.000000,2000,2000,2000,diagonal,0.028187,2,0.500000,12582912
rosko,16,90.000000,2000,2000,2000,diagonal,0.021227,2,1.000000,25165824
rosko,16,90.000000,2000,2000,2000,diagonal,0.022416,2,1.100000,27682408
rosko,16,90.000000,2000,2000,2000,diagonal,0.022207,2,1.500000,37748736
rosko,16,90.000000,2000,2000,2000,diagonal,0.022699,2,2.000000,50331648
rosko,16,90.000000,2000,2000,2000,row-pattern,0.042366,2,0.100000,2516583
rosko,16,90.000000,2000,2000,2000,row-pattern,0.036229,2,0.250000,6291456
rosko,16,90.000000,2000,2000,2000,row-pattern,0.036625,2,0.500000,12582912
rosko,16,90.000000,2000,2000,2000,row-pattern,0.037514,2,1.000000,25165824
rosko,16,90.000000,2000,2000,2000,row-pattern,0.035040,2,1.100000,27682408
rosko,16,90.000000,2000,2000,2000,row-pattern,0.036607,2,1.500000,37748736
rosko,16,90.000000,2000,2000,2000,row-pattern,0.035212,2,2.000000,50331648
rosko,16,90.000000,2000,2000,2000,column-pattern,0.027238,2,0.100000,2516583
rosko,16,90.000000,2000,2000,2000,column-pattern,0.033379,2,0.250000,6291456
rosko,16,90.000000,2000,2000,2000,column-pattern,0.026456,2,0.500000,12582912
rosko,16,90.000000,2000,2000,2000,column-pattern,0.024121,2,1.000000,25165824
rosko,16,90.000000,2000,2000,2000,column-pattern,0.021708,2,1.100000,27682408
rosko,16,90.000000,2000,2000,2000,column-pattern,0.022728,2,1.500000,37748736
rosko,16,90.000000,2000,2000,2000,column-pattern,0.023213,2,2.000000,50331648
rosko,18,90.000000,2000,2000,2000,random-uniform,0.031805,2,0.100000,2516583
rosko,18,90.000000,2000,2000,2000,random-uniform,0.030446,2,0.250000,6291456
rosko,18,90.000000,2000,2000,2000,random-uniform,0.032338,2,0.500000,12582912
rosko,18,90.000000,2000,2000,2000,random-uniform,0.027603,2,1.000000,25165824
rosko,18,90.000000,2000,2000,2000,random-uniform,0.029316,2,1.100000,27682408
rosko,18,90.000000,2000,2000,2000,random-uniform,0.030704,2,1.500000,37748736
rosko,18,90.000000,2000,2000,2000,random-uniform,0.029448,2,2.000000,50331648
rosko,18,90.000000,2000,2000,2000,diagonal,0.026853,2,0.100000,2516583
rosko,18,90.000000,2000,2000,2000,diagonal,0.021025,2,0.250000,6291456
rosko,18,90.000000,2000,2000,2000,diagonal,0.024304,2,0.500000,12582912
rosko,18,90.000000,2000,2000,2000,diagonal,0.023615,2,1.000000,25165824
rosko,18,90.000000,2000,2000,2000,diagonal,0.021820,2,1.100000,27682408
rosko,18,90.000000,2000,2000,2000,diagonal,0.025543,2,1.500000,37748736
rosko,18,90.000000,2000,2000,2000,diagonal,0.024495,2,2.000000,50331648
rosko,18,90.000000,2000,2000,2000,row-pattern,0.038498,2,0.100000,2516583
rosko,18,90.000000,2000,2000,2000,row-pattern,0.040523,2,0.250000,6291456
rosko,18,90.000000,2000,2000,2000,row-pattern,0.036707,2,0.500000,12582912
rosko,18,90.000000,2000,2000,2000,row-pattern,0.031806,2,1.000000,25165824
rosko,18,90.000000,2000,2000,2000,row-pattern,0.033319,2,1.100000,27682408
rosko,18,90.000000,2000,2000,2000,row-pattern,0.037985,2,1.500000,37748736
rosko,18,90.000000,2000,2000,2000,row-pattern,0.033813,2,2.000000,50331648
rosko,18,90.000000,2000,2000,2000,column-pattern,0.027809,2,0.100000,2516583
rosko,18,90.000000,2000,2000,2000,column-pattern,0.023421,2,0.250000,6291456
rosko,18,90.000000,2000,2000,2000,column-pattern,0.025020,2,0.500000,12582912
rosko,18,90.000000,2000,2000,2000,column-pattern,0.024006,2,1.000000,25165824
rosko,18,90.000000,2000,2000,2000,column-pattern,0.024751,2,1.100000,27682408
rosko,18,90.000000,2000,2000,2000,column-pattern,0.024151,2,1.500000,37748736
rosko,18,90.000000,2000,2000,2000,column-pattern,0.023705,2,2.000000,50331648
rosko,20,90.000000,2000,2000,2000,random-uniform,0.034054,2,0.100000,2516583
rosko,20,90.000000,2000,2000,2000,random-uniform,0.030747,2,0.250000,6291456
rosko,20,90.000000,2000,2000,2000,random-uniform,0.030730,2,0.500000,12582912
rosko,20,90.000000,2000,2000,2000,random-uniform,0.030332,2,1.000000,25165824
rosko,20,90.000000,2000,2000,2000,random-uniform,0.030722,2,1.100000,27682408
rosko,20,90.000000,2000,2000,2000,random-uniform,0.032530,2,1.500000,37748736
rosko,20,90.000000,2000,2000,2000,random-uniform,0.033461,2,2.000000,50331648
rosko,20,90.000000,2000,2000,2000,diagonal,0.031218,2,0.100000,2516583
rosko,20,90.000000,2000,2000,2000,diagonal,0.028669,2,0.250000,6291456
rosko,20,90.000000,2000,2000,2000,diagonal,0.028589,2,0.500000,12582912
rosko,20,90.000000,2000,2000,2000,diagonal,0.026617,2,1.000000,25165824
rosko,20,90.000000,2000,2000,2000,diagonal,0.026892,2,1.100000,27682408
rosko,20,90.000000,2000,2000,2000,diagonal,0.025486,2,1.500000,37748736
rosko,20,90.000000,2000,2000,2000,diagonal,0.029436,2,2.000000,50331648
rosko,20,90.000000,2000,2000,2000,row-pattern,0.043064,2,0.100000,2516583
rosko,20,90.000000,2000,2000,2000,row-pattern,0.036521,2,0.250000,6291456
rosko,20,90.000000,2000,2000,2000,row-pattern,0.039749,2,0.500000,12582912
rosko,20,90.000000,2000,2000,2000,row-pattern,0.035884,2,1.000000,25165824
rosko,20,90.000000,2000,2000,2000,row-pattern,0.038662,2,1.100000,27682408
rosko,20,90.000000,2000,2000,2000,row-pattern,0.038072,2,1.500000,37748736
rosko,20,90.000000,2000,2000,2000,row-pattern,0.037480,2,2.000000,50331648
rosko,20,90.000000,2000,2000,2000,column-pattern,0.027525,2,0.100000,2516583
rosko,20,90.000000,2000,2000,2000,column-pattern,0.024490,2,0.250000,6291456
rosko,20,90.000000,2000,2000,2000,column-pattern,0.028710,2,0.500000,12582912
rosko,20,90.000000,2000,2000,2000,column-pattern,0.026123,2,1.000000,25165824
rosko,20,90.000000,2000,2000,2000,column-pattern,0.025910,2,1.100000,27682408
rosko,20,90.000000,2000,2000,2000,column-pattern,0.028807,2,1.500000,37748736
rosko,20,90.000000,2000,2000,2000,column-pattern,0.027061,2,2.000000,50331648
rosko,25,90.000000,2000,2000,2000,random-uniform,0.034940,2,0.100000,2516583
rosko,25,90.000000,2000,2000,2000,random-uniform,0.031354,2,0.250000,6291456
rosko,25,90.000000,2000,2000,2000,random-uniform,0.033056,2,0.500000,12582912
rosko,25,90.000000,2000,2000,2000,random-uniform,0.025773,2,1.000000,25165824
rosko,25,90.000000,2000,2000,2000,random-uniform,0.028940,2,1.100000,27682408
rosko,25,90.000000,2000,2000,2000,random-uniform,0.027587,2,1.500000,37748736
rosko,25,90.000000,2000,2000,2000,random-uniform,0.029084,2,2.000000,50331648
rosko,25,90.000000,2000,2000,2000,diagonal,0.029087,2,0.100000,2516583
rosko,25,90.000000,2000,2000,2000,diagonal,0.024563,2,0.250000,6291456
rosko,25,90.000000,2000,2000,2000,diagonal,0.025266,2,0.500000,12582912
rosko,25,90.000000,2000,2000,2000,diagonal,0.021642,2,1.000000,25165824
rosko,25,90.000000,2000,2000,2000,diagonal,0.021671,2,1.100000,27682408
rosko,25,90.000000,2000,2000,2000,diagonal,0.022736,2,1.500000,37748736
rosko,25,90.000000,2000,2000,2000,diagonal,0.022281,2,2.000000,50331648
rosko,25,90.000000,2000,2000,2000,row-pattern,0.047682,2,0.100000,2516583
rosko,25,90.000000,2000,2000,2000,row-pattern,0.036512,2,0.250000,6291456
rosko,25,90.000000,2000,2000,2000,row-pattern,0.038299,2,0.500000,12582912
rosko,25,90.000000,2000,2000,2000,row-pattern,0.034210,2,1.000000,25165824
rosko,25,90.000000,2000,2000,2000,row-pattern,0.032896,2,1.100000,27682408
rosko,25,90.000000,2000,2000,2000,row-pattern,0.031442,2,1.500000,37748736
rosko,25,90.000000,2000,2000,2000,row-pattern,0.035986,2,2.000000,50331648
rosko,25,90.000000,2000,2000,2000,column-pattern,0.031631,2,0.100000,2516583
rosko,25,90.000000,2000,2000,2000,column-pattern,0.025139,2,0.250000,6291456
rosko,25,90.000000,2000,2000,2000,column-pattern,0.028033,2,0.500000,12582912
rosko,25,90.000000,2000,2000,2000,column-pattern,0.022135,2,1.000000,25165824
rosko,25,90.000000,2000,2000,2000,column-pattern,0.023777,2,1.100000,27682408
rosko,25,90.000000,2000,2000,2000,column-pattern,0.022456,2,1.500000,37748736
rosko,25,90.000000,2000,2000,2000,column-pattern,0.024611,2,2.000000,50331648
rosko,30,90.000000,2000,2000,2000,random-uniform,0.037963,2,0.100000,2516583
rosko,30,90.000000,2000,2000,2000,random-uniform,0.031025,2,0.250000,6291456
rosko,30,90.000000,2000,2000,2000,random-uniform,0.030110,2,0.500000,12582912
rosko,30,90.000000,2000,2000,2000,random-uniform,0.034990,2,1.000000,25165824
rosko,30,90.000000,2000,2000,2000,random-uniform,0.030057,2,1.100000,27682408
rosko,30,90.000000,2000,2000,2000,random-uniform,0.028617,2,1.500000,37748736
rosko,30,90.000000,2000,2000,2000,random-uniform,0.031021,2,2.000000,50331648
rosko,30,90.000000,2000,2000,2000,diagonal,0.034322,2,0.100000,2516583
rosko,30,90.000000,2000,2000,2000,diagonal,0.024008,2,0.250000,6291456
rosko,30,90.000000,2000,2000,2000,diagonal,0.024156,2,0.500000,12582912
rosko,30,90.000000,2000,2000,2000,diagonal,0.022821,2,1.000000,25165824
rosko,30,90.000000,2000,2000,2000,diagonal,0.027156,2,1.100000,27682408
rosko,30,90.000000,2000,2000,2000,diagonal,0.024979,2,1.500000,37748736
rosko,30,90.000000,2000,2000,2000,diagonal,0.031480,2,2.000000,50331648
rosko,30,90.000000,2000,2000,2000,row-pattern,0.054779,2,0.100000,2516583
rosko,30,90.000000,2000,2000,2000,row-pattern,0.035991,2,0.250000,6291456
rosko,30,90.000000,2000,2000,2000,row-pattern,0.052301,2,0.500000,12582912
rosko,30,90.000000,2000,2000,2000,row-pattern,0.041441,2,1.000000,25165824
rosko,30,90.000000,2000,2000,2000,row-pattern,0.039307,2,1.100000,27682408
rosko,30,90.000000,2000,2000,2000,row-pattern,0.032893,2,1.500000,37748736
rosko,30,90.000000,2000,2000,2000,row-pattern,0.038910,2,2.000000,50331648
rosko,30,90.000000,2000,2000,2000,column-pattern,0.031345,2,0.100000,2516583
rosko,30,90.000000,2000,2000,2000,column-pattern,0.025590,2,0.250000,6291456
rosko,30,90.000000,2000,2000,2000,column-pattern,0.034597,2,0.500000,12582912
rosko,30,90.000000,2000,2000,2000,column-pattern,0.024507,2,1.000000,25165824
rosko,30,90.000000,2000,2000,2000,column-pattern,0.023618,2,1.100000,27682408
rosko,30,90.000000,2000,2000,2000,column-pattern,0.025418,2,1.500000,37748736
rosko,30,90.000000,2000,2000,2000,column-pattern,0.023583,2,2.000000,50331648
rosko,35,90.000000,2000,2000,2000,random-uniform,0.049755,2,0.100000,2516583
rosko,35,90.000000,2000,2000,2000,random-uniform,0.031490,2,0.250000,6291456
rosko,35,90.000000,2000,2000,2000,random-uniform,0.034447,2,0.500000,12582912
rosko,35,90.000000,2000,2000,2000,random-uniform,0.033779,2,1.000000,25165824
rosko,35,90.000000,2000,2000,2000,random-uniform,0.032916,2,1.100000,27682408
rosko,35,90.000000,2000,2000,2000,random-uniform,0.028962,2,1.500000,37748736
rosko,35,90.000000,2000,2000,2000,random-uniform,0.028162,2,2.000000,50331648
rosko,35,90.000000,2000,2000,2000,diagonal,0.048976,2,0.100000,2516583
rosko,35,90.000000,2000,2000,2000,diagonal,0.025588,2,0.250000,6291456
rosko,35,90.000000,2000,2000,2000,diagonal,0.024452,2,0.500000,12582912
rosko,35,90.000000,2000,2000,2000,diagonal,0.026688,2,1.000000,25165824
rosko,35,90.000000,2000,2000,2000,diagonal,0.025768,2,1.100000,27682408
rosko,35,90.000000,2000,2000,2000,diagonal,0.023296,2,1.500000,37748736
rosko,35,90.000000,2000,2000,2000,diagonal,0.023255,2,2.000000,50331648
rosko,35,90.000000,2000,2000,2000,row-pattern,0.050389,2,0.100000,2516583
rosko,35,90.000000,2000,2000,2000,row-pattern,0.040018,2,0.250000,6291456
rosko,35,90.000000,2000,2000,2000,row-pattern,0.036940,2,0.500000,12582912
rosko,35,90.000000,2000,2000,2000,row-pattern,0.037624,2,1.000000,25165824
rosko,35,90.000000,2000,2000,2000,row-pattern,0.035661,2,1.100000,27682408
rosko,35,90.000000,2000,2000,2000,row-pattern,0.033028,2,1.500000,37748736
rosko,35,90.000000,2000,2000,2000,row-pattern,0.033015,2,2.000000,50331648
rosko,35,90.000000,2000,2000,2000,column-pattern,0.043868,2,0.100000,2516583
rosko,35,90.000000,2000,2000,2000,column-pattern,0.027042,2,0.250000,6291456
rosko,35,90.000000,2000,2000,2000,column-pattern,0.026407,2,0.500000,12582912
rosko,35,90.000000,2000,2000,2000,column-pattern,0.023000,2,1.000000,25165824
rosko,35,90.000000,2000,2000,2000,column-pattern,0.022949,2,1.100000,27682408
rosko,35,90.000000,2000,2000,2000,column-pattern,0.023681,2,1.500000,37748736
rosko,35,90.000000,2000,2000,2000,column-pattern,0.023183,2,2.000000,50331648
rosko,40,90.000000,2000,2000,2000,random-uniform,0.042305,2,0.100000,2516583
rosko,40,90.000000,2000,2000,2000,random-uniform,0.031226,2,0.250000,6291456
rosko,40,90.000000,2000,2000,2000,random-uniform,0.033994,2,0.500000,12582912
rosko,40,90.000000,2000,2000,2000,random-uniform,0.028519,2,1.000000,25165824
rosko,40,90.000000,2000,2000,2000,random-uniform,0.026995,2,1.100000,27682408
rosko,40,90.000000,2000,2000,2000,random-uniform,0.027420,2,1.500000,37748736
rosko,40,90.000000,2000,2000,2000,random-uniform,0.026831,2,2.000000,50331648
rosko,40,90.000000,2000,2000,2000,diagonal,0.035965,2,0.100000,2516583
rosko,40,90.000000,2000,2000,2000,diagonal,0.026673,2,0.250000,6291456
rosko,40,90.000000,2000,2000,2000,diagonal,0.026778,2,0.500000,12582912
rosko,40,90.000000,2000,2000,2000,diagonal,0.022660,2,1.000000,25165824
rosko,40,90.000000,2000,2000,2000,diagonal,0.024015,2,1.100000,27682408
rosko,40,90.000000,2000,2000,2000,diagonal,0.026769,2,1.500000,37748736
rosko,40,90.000000,2000,2000,2000,diagonal,0.022120,2,2.000000,50331648
rosko,40,90.000000,2000,2000,2000,row-pattern,0.048647,2,0.100000,2516583
rosko,40,90.000000,2000,2000,2000,row-pattern,0.043080,2,0.250000,6291456
rosko,40,90.000000,2000,2000,2000,row-pattern,0.038576,2,0.500000,12582912
rosko,40,90.000000,2000,2000,2000,row-pattern,0.039983,2,1.000000,25165824
rosko,40,90.000000,2000,2000,2000,row-pattern,0.041245,2,1.100000,27682408
rosko,40,90.000000,2000,2000,2000,row-pattern,0.037948,2,1.500000,37748736
rosko,40,90.000000,2000,2000,2000,row-pattern,0.033802,2,2.000000,50331648
rosko,40,90.000000,2000,2000,2000,column-pattern,0.035931,2,0.100000,2516583
rosko,40,90.000000,2000,2000,2000,column-pattern,0.032779,2,0.250000,6291456
rosko,40,90.000000,2000,2000,2000,column-pattern,0.028908,2,0.500000,12582912
rosko,40,90.000000,2000,2000,2000,column-pattern,0.027527,2,1.000000,25165824
rosko,40,90.000000,2000,2000,2000,column-pattern,0.023050,2,1.100000,27682408
rosko,40,90.000000,2000,2000,2000,column-pattern,0.023248,2,1.500000,37748736
rosko,40,90.000000,2000,2000,2000,column-pattern,0.023890,2,2.000000,50331648
rosko,50,90.000000,2000,2000,2000,random-uniform,0.065550,2,0.100000,2516583
rosko,50,90.000000,2000,2000,2000,random-uniform,0.048275,2,0.250000,6291456
rosko,50,90.000000,2000,2000,2000,random-uniform,0.044135,2,0.500000,12582912
rosko,50,90.000000,2000,2000,2000,random-uniform,0.031175,2,1.000000,25165824
rosko,50,90.000000,2000,2000,2000,random-uniform,0.030463,2,1.100000,27682408
rosko,50,90.000000,2000,2000,2000,random-uniform,0.028073,2,1.500000,37748736
rosko,50,90.000000,2000,2000,2000,random-uniform,0.029258,2,2.000000,50331648
rosko,50,90.000000,2000,2000,2000,diagonal,0.055995,2,0.100000,2516583
rosko,50,90.000000,2000,2000,2000,diagonal,0.028553,2,0.250000,6291456
rosko,50,90.000000,2000,2000,2000,diagonal,0.029128,2,0.500000,12582912
rosko,50,90.000000,2000,2000,2000,diagonal,0.023658,2,1.000000,25165824
rosko,50,90.000000,2000,2000,2000,diagonal,0.023304,2,1.100000,27682408
rosko,50,90.000000,2000,2000,2000,diagonal,0.022277,2,1.500000,37748736
rosko,50,90.000000,2000,2000,2000,diagonal,0.025583,2,2.000000,50331648
rosko,50,90.000000,2000,2000,2000,row-pattern,0.067763,2,0.100000,2516583
rosko,50,90.000000,2000,2000,2000,row-pattern,0.039007,2,0.250000,6291456
rosko,50,90.000000,2000,2000,2000,row-pattern,0.041521,2,0.500000,12582912
rosko,50,90.000000,2000,2000,2000,row-pattern,0.034595,2,1.000000,25165824
rosko,50,90.000000,2000,2000,2000,row-pattern,0.036428,2,1.100000,27682408
rosko,50,90.000000,2000,2000,2000,row-pattern,0.035692,2,1.500000,37748736
rosko,50,90.000000,2000,2000,2000,row-pattern,0.038929,2,2.000000,50331648
rosko,50,90.000000,2000,2000,2000,column-pattern,0.055378,2,0.100000,2516583
rosko,50,90.000000,2000,2000,2000,column-pattern,0.032283,2,0.250000,6291456
rosko,50,90.000000,2000,2000,2000,column-pattern,0.032511,2,0.500000,12582912
rosko,50,90.000000,2000,2000,2000,column-pattern,0.024742,2,1.000000,25165824
rosko,50,90.000000,2000,2000,2000,column-pattern,0.026455,2,1.100000,27682408
rosko,50,90.000000,2000,2000,2000,column-pattern,0.025569,2,1.500000,37748736
rosko,50,90.000000,2000,2000,2000,column-pattern,0.025145,2,2.000000,50331648
rosko,75,90.000000,2000,2000,2000,random-uniform,0.110553,2,0.100000,2516583
rosko,75,90.000000,2000,2000,2000,random-uniform,0.056061,2,0.250000,6291456
rosko,75,90.000000,2000,2000,2000,random-uniform,0.039472,2,0.500000,12582912
rosko,75,90.000000,2000,2000,2000,random-uniform,0.029000,2,1.000000,25165824
rosko,75,90.000000,2000,2000,2000,random-uniform,0.030504,2,1.100000,27682408
rosko,75,90.000000,2000,2000,2000,random-uniform,0.031333,2,1.500000,37748736
rosko,75,90.000000,2000,2000,2000,random-uniform,0.029617,2,2.000000,50331648
rosko,75,90.000000,2000,2000,2000,diagonal,0.097959,2,0.100000,2516583
rosko,75,90.000000,2000,2000,2000,diagonal,0.051094,2,0.250000,6291456
rosko,75,90.000000,2000,2000,2000,diagonal,0.047258,2,0.500000,12582912
rosko,75,90.000000,2000,2000,2000,diagonal,0.027655,2,1.000000,25165824
rosko,75,90.000000,2000,2000,2000,diagonal,0.024350,2,1.100000,27682408
rosko,75,90.000000,2000,2000,2000,diagonal,0.022520,2,1.500000,37748736
rosko,75,90.000000,2000,2000,2000,diagonal,0.024256,2,2.000000,50331648
rosko,75,90.000000,2000,2000,2000,row-pattern,0.111034,2,0.100000,2516583
rosko,75,90.000000,2000,2000,2000,row-pattern,0.074645,2,0.250000,6291456
rosko,75,90.000000,2000,2000,2000,row-pattern,0.044331,2,0.500000,12582912
rosko,75,90.000000,2000,2000,2000,row-pattern,0.034637,2,1.000000,25165824
rosko,75,90.000000,2000,2000,2000,row-pattern,0.033021,2,1.100000,27682408
rosko,75,90.000000,2000,2000,2000,row-pattern,0.036873,2,1.500000,37748736
rosko,75,90.000000,2000,2000,2000,row-pattern,0.034490,2,2.000000,50331648
rosko,75,90.000000,2000,2000,2000,column-pattern,0.104722,2,0.100000,2516583
rosko,75,90.000000,2000,2000,2000,column-pattern,0.048319,2,0.250000,6291456
rosko,75,90.000000,2000,2000,2000,column-pattern,0.031189,2,0.500000,12582912
rosko,75,90.000000,2000,2000,2000,column-pattern,0.026020,2,1.000000,25165824
rosko,75,90.000000,2000,2000,2000,column-pattern,0.028882,2,1.100000,27682408
rosko,75,90.000000,2000,2000,2000,column-pattern,0.027715,2,1.500000,37748736
rosko,75,90.000000,2000,2000,2000,column-pattern,0.025836,2,2.000000,50331648
rosko,100,90.000000,2000,2000,2000,random-uniform,0.100417,2,0.100000,2516583
rosko,100,90.000000,2000,2000,2000,random-uniform,0.048763,2,0.250000,6291456
rosko,100,90.000000,2000,2000,2000,random-uniform,0.048595,2,0.500000,12582912
rosko,100,90.000000,2000,2000,2000,random-uniform,0.035277,2,1.000000,25165824
rosko,100,90.000000,2000,2000,2000,random-uniform,0.034249,2,1.100000,27682408
rosko,100,90.000000,2000,2000,2000,random-uniform,0.033088,2,1.500000,37748736
rosko,100,90.000000,2000,2000,2000,random-uniform,0.033440,2,2.000000,50331648
rosko,100,90.000000,2000,2000,2000,diagonal,0.092019,2,0.100000,2516583
rosko,100,90.000000,2000,2000,2000,diagonal,0.039334,2,0.250000,6291456
rosko,100,90.000000,2000,2000,2000,diagonal,0.039325,2,0.500000,12582912
rosko,100,90.000000,2000,2000,2000,diagonal,0.027045,2,1.000000,25165824
rosko,100,90.000000,2000,2000,2000,diagonal,0.026449,2,1.100000,27682408
rosko,100,90.000000,2000,2000,2000,diagonal,0.029025,2,1.500000,37748736
rosko,100,90.000000,2000,2000,2000,diagonal,0.026385,2,2.000000,50331648
rosko,100,90.000000,2000,2000,2000,row-pattern,0.103409,2,0.100000,2516583
rosko,100,90.000000,2000,2000,2000,row-pattern,0.049800,2,0.250000,6291456
rosko,100,90.000000,2000,2000,2000,row-pattern,0.052368,2,0.500000,12582912
rosko,100,90.000000,2000,2000,2000,row-pattern,0.035936,2,1.000000,25165824
rosko,100,90.000000,2000,2000,2000,row-pattern,0.036732,2,1.100000,27682408
rosko,100,90.000000,2000,2000,2000,row-pattern,0.036350,2,1.500000,37748736
rosko,100,90.000000,2000,2000,2000,row-pattern,0.038129,2,2.000000,50331648
rosko,100,90.000000,2000,2000,2000,column-pattern,0.091771,2,0.100000,2516583
rosko,100,90.000000,2000,2000,2000,column-pattern,0.041205,2,0.250000,6291456
rosko,100,90.000000,2000,2000,2000,column-pattern,0.039861,2,0.500000,12582912
rosko,100,90.000000,2000,2000,2000,column-pattern,0.028595,2,1.000000,25165824
rosko,100,90.000000,2000,2000,2000,column-pattern,0.030472,2,1.100000,27682408
rosko,100,90.000000,2000,2000,2000,column-pattern,0.027378,2,1.500000,37748736
rosko,100,90.000000,2000,2000,2000,column-pattern,0.027675,2,2.000000,50331648
rosko,125,90.000000,2000,2000,2000,random-uniform,0.081372,2,0.100000,2516583
rosko,125,90.000000,2000,2000,2000,random-uniform,0.084483,2,0.250000,6291456
rosko,125,90.000000,2000,2000,2000,random-uniform,0.051378,2,0.500000,12582912
rosko,125,90.000000,2000,2000,2000,random-uniform,0.032316,2,1.000000,25165824
rosko,125,90.000000,2000,2000,2000,random-uniform,0.039284,2,1.100000,27682408
rosko,125,90.000000,2000,2000,2000,random-uniform,0.030946,2,1.500000,37748736
rosko,125,90.000000,2000,2000,2000,random-uniform,0.034959,2,2.000000,50331648
rosko,125,90.000000,2000,2000,2000,diagonal,0.075201,2,0.100000,2516583
rosko,125,90.000000,2000,2000,2000,diagonal,0.073943,2,0.250000,6291456
rosko,125,90.000000,2000,2000,2000,diagonal,0.038844,2,0.500000,12582912
rosko,125,90.000000,2000,2000,2000,diagonal,0.022370,2,1.000000,25165824
rosko,125,90.000000,2000,2000,2000,diagonal,0.028364,2,1.100000,27682408
rosko,125,90.000000,2000,2000,2000,diagonal,0.024844,2,1.500000,37748736
rosko,125,90.000000,2000,2000,2000,diagonal,0.024651,2,2.000000,50331648
rosko,125,90.000000,2000,2000,2000,row-pattern,0.086719,2,0.100000,2516583
rosko,125,90.000000,2000,2000,2000,row-pattern,0.090084,2,0.250000,6291456
rosko,125,90.000000,2000,2000,2000,row-pattern,0.057188,2,0.500000,12582912
rosko,125,90.000000,2000,2000,2000,row-pattern,0.038454,2,1.000000,25165824
rosko,125,90.000000,2000,2000,2000,row-pattern,0.034149,2,1.100000,27682408
rosko,125,90.000000,2000,2000,2000,row-pattern,0.039262,2,1.500000,37748736
rosko,125,90.000000,2000,2000,2000,row-pattern,0.033386,2,2.000000,50331648
rosko,125,90.000000,2000,2000,2000,column-pattern,0.086089,2,0.100000,2516583
rosko,125,90.000000,2000,2000,2000,column-pattern,0.069578,2,0.250000,6291456
rosko,125,90.000000,2000,2000,2000,column-pattern,0.043493,2,0.500000,12582912
rosko,125,90.000000,2000,2000,2000,column-pattern,0.026166,2,1.000000,25165824
rosko,125,90.000000,2000,2000,2000,column-pattern,0.026563,2,1.100000,27682408
rosko,125,90.000000,2000,2000,2000,column-pattern,0.025411,2,1.500000,37748736
rosko,125,90.000000,2000,2000,2000,column-pattern,0.026141,2,2.000000,50331648
rosko,150,90.000000,2000,2000,2000,random-uniform,0.083059,2,0.250000,6291456
rosko,150,90.000000,2000,2000,2000,random-uniform,0.096080,2,0.500000,12582912
rosko,150,90.000000,2000,2000,2000,random-uniform,0.053786,2,1.000000,25165824
rosko,150,90.000000,2000,2000,2000,random-uniform,0.057655,2,1.100000,27682408
rosko,150,90.000000,2000,2000,2000,random-uniform,0.035010,2,1.500000,37748736
rosko,150,90.000000,2000,2000,2000,random-uniform,0.031650,2,2.000000,50331648
rosko,150,90.000000,2000,2000,2000,diagonal,0.082847,2,0.250000,6291456
rosko,150,90.000000,2000,2000,2000,diagonal,0.086362,2,0.500000,12582912
rosko,150,90.000000,2000,2000,2000,diagonal,0.048488,2,1.000000,25165824
rosko,150,90.000000,2000,2000,2000,diagonal,0.045184,2,1.100000,27682408
rosko,150,90.000000,2000,2000,2000,diagonal,0.027878,2,1.500000,37748736
rosko,150,90.000000,2000,2000,2000,diagonal,0.026799,2,2.000000,50331648
rosko,150,90.000000,2000,2000,2000,row-pattern,0.093744,2,0.250000,6291456
rosko,150,90.000000,2000,2000,2000,row-pattern,0.095978,2,0.500000,12582912
rosko,150,90.000000,2000,2000,2000,row-pattern,0.055420,2,1.000000,25165824
rosko,150,90.000000,2000,2000,2000,row-pattern,0.060998,2,1.100000,27682408
rosko,150,90.000000,2000,2000,2000,row-pattern,0.036148,2,1.500000,37748736
rosko,150,90.000000,2000,2000,2000,row-pattern,0.034071,2,2.000000,50331648
rosko,150,90.000000,2000,2000,2000,column-pattern,0.079743,2,0.250000,6291456
rosko,150,90.000000,2000,2000,2000,column-pattern,0.081727,2,0.500000,12582912
rosko,150,90.000000,2000,2000,2000,column-pattern,0.052481,2,1.000000,25165824
rosko,150,90.000000,2000,2000,2000,column-pattern,0.050765,2,1.100000,27682408
rosko,150,90.000000,2000,2000,2000,column-pattern,0.027145,2,1.500000,37748736
rosko,150,90.000000,2000,2000,2000,column-pattern,0.025564,2,2.000000,50331648
rosko,175,90.000000,2000,2000,2000,random-uniform,0.088546,2,0.250000,6291456
rosko,175,90.000000,2000,2000,2000,random-uniform,0.063989,2,0.500000,12582912
rosko,175,90.000000,2000,2000,2000,random-uniform,0.038736,2,1.000000,25165824
rosko,175,90.000000,2000,2000,2000,random-uniform,0.040436,2,1.100000,27682408
rosko,175,90.000000,2000,2000,2000,random-uniform,0.039090,2,1.500000,37748736
rosko,175,90.000000,2000,2000,2000,random-uniform,0.039215,2,2.000000,50331648
rosko,175,90.000000,2000,2000,2000,diagonal,0.062336,2,0.250000,6291456
rosko,175,90.000000,2000,2000,2000,diagonal,0.053858,2,0.500000,12582912
rosko,175,90.000000,2000,2000,2000,diagonal,0.029856,2,1.000000,25165824
rosko,175,90.000000,2000,2000,2000,diagonal,0.030900,2,1.100000,27682408
rosko,175,90.000000,2000,2000,2000,diagonal,0.032771,2,1.500000,37748736
rosko,175,90.000000,2000,2000,2000,diagonal,0.029441,2,2.000000,50331648
rosko,175,90.000000,2000,2000,2000,row-pattern,0.075364,2,0.250000,6291456
rosko,175,90.000000,2000,2000,2000,row-pattern,0.059244,2,0.500000,12582912
rosko,175,90.000000,2000,2000,2000,row-pattern,0.040183,2,1.000000,25165824
rosko,175,90.000000,2000,2000,2000,row-pattern,0.041527,2,1.100000,27682408
rosko,175,90.000000,2000,2000,2000,row-pattern,0.039758,2,1.500000,37748736
rosko,175,90.000000,2000,2000,2000,row-pattern,0.042547,2,2.000000,50331648
rosko,175,90.000000,2000,2000,2000,column-pattern,0.070255,2,0.250000,6291456
rosko,175,90.000000,2000,2000,2000,column-pattern,0.058218,2,0.500000,12582912
rosko,175,90.000000,2000,2000,2000,column-pattern,0.033096,2,1.000000,25165824
rosko,175,90.000000,2000,2000,2000,column-pattern,0.034169,2,1.100000,27682408
rosko,175,90.000000,2000,2000,2000,column-pattern,0.034866,2,1.500000,37748736
rosko,175,90.000000,2000,2000,2000,column-pattern,0.035472,2,2.000000,50331648
rosko,200,90.000000,2000,2000,2000,random-uniform,0.075473,2,0.250000,6291456
rosko,200,90.000000,2000,2000,2000,random-uniform,0.070251,2,0.500000,12582912
rosko,200,90.000000,2000,2000,2000,random-uniform,0.037537,2,1.000000,25165824
rosko,200,90.000000,2000,2000,2000,random-uniform,0.040921,2,1.100000,27682408
rosko,200,90.000000,2000,2000,2000,random-uniform,0.037285,2,1.500000,37748736
rosko,200,90.000000,2000,2000,2000,random-uniform,0.041241,2,2.000000,50331648
rosko,200,90.000000,2000,2000,2000,diagonal,0.052896,2,0.250000,6291456
rosko,200,90.000000,2000,2000,2000,diagonal,0.060949,2,0.500000,12582912
rosko,200,90.000000,2000,2000,2000,diagonal,0.030313,2,1.000000,25165824
rosko,200,90.000000,2000,2000,2000,diagonal,0.032511,2,1.100000,27682408
rosko,200,90.000000,2000,2000,2000,diagonal,0.029318,2,1.500000,37748736
rosko,200,90.000000,2000,2000,2000,diagonal,0.027685,2,2.000000,50331648
rosko,200,90.000000,2000,2000,2000,row-pattern,0.057295,2,0.250000,6291456
rosko,200,90.000000,2000,2000,2000,row-pattern,0.050218,2,0.500000,12582912
rosko,200,90.000000,2000,2000,2000,row-pattern,0.038204,2,1.000000,25165824
rosko,200,90.000000,2000,2000,2000,row-pattern,0.042676,2,1.100000,27682408
rosko,200,90.000000,2000,2000,2000,row-pattern,0.038802,2,1.500000,37748736
rosko,200,90.000000,2000,2000,2000,row-pattern,0.039245,2,2.000000,50331648
rosko,200,90.000000,2000,2000,2000,column-pattern,0.064317,2,0.250000,6291456
rosko,200,90.000000,2000,2000,2000,column-pattern,0.059167,2,0.500000,12582912
rosko,200,90.000000,2000,2000,2000,column-pattern,0.029905,2,1.000000,25165824
rosko,200,90.000000,2000,2000,2000,column-pattern,0.031500,2,1.100000,27682408
rosko,200,90.000000,2000,2000,2000,column-pattern,0.029410,2,1.500000,37748736
rosko,200,90.000000,2000,2000,2000,column-pattern,0.027413,2,2.000000,50331648
rosko,300,90.000000,2000,2000,2000,random-uniform,0.091811,2,1.000000,25165824
rosko,300,90.000000,2000,2000,2000,random-uniform,0.092363,2,1.100000,27682408
rosko,300,90.000000,2000,2000,2000,random-uniform,0.085639,2,1.500000,37748736
rosko,300,90.000000,2000,2000,2000,random-uniform,0.074089,2,2.000000,50331648
rosko,300,90.000000,2000,2000,2000,diagonal,0.070000,2,1.000000,25165824
rosko,300,90.000000,2000,2000,2000,diagonal,0.076628,2,1.100000,27682408
rosko,300,90.000000,2000,2000,2000,diagonal,0.082513,2,1.500000,37748736
rosko,300,90.000000,2000,2000,2000,diagonal,0.076286,2,2.000000,50331648
rosko,300,90.000000,2000,2000,2000,row-pattern,0.086745,2,1.000000,25165824
rosko,300,90.000000,2000,2000,2000,row-pattern,0.078377,2,1.100000,27682408
rosko,300,90.000000,2000,2000,2000,row-pattern,0.056298,2,1.500000,37748736
rosko,300,90.000000,2000,2000,2000,row-pattern,0.072649,2,2.000000,50331648
rosko,300,90.000000,2000,2000,2000,column-pattern,0.038668,2,1.000000,25165824
rosko,300,90.000000,2000,2000,2000,column-pattern,0.077325,2,1.100000,27682408
rosko,300,90.000000,2000,2000,2000,column-pattern,0.072723,2,1.500000,37748736
rosko,300,90.000000,2000,2000,2000,column-pattern,0.067004,2,2.000000,50331648
