algo,store,M,K,N,sp,bw
rosko bw,0,256,256,10000,80,0.016526
mkl bw,0,256,256,10000,80,1.263162
rosko time,0,256,256,10000,80,0.020507
mkl time,0,256,256,10000,80,0.000291
rosko bw,1,256,256,10000,80,0.052932
mkl bw,1,256,256,10000,80,1.220269
rosko time,1,256,256,10000,80,0.006403
mkl time,1,256,256,10000,80,0.000301
rosko bw,0,768,768,10000,80,0.219533
mkl bw,0,768,768,10000,80,1.326418
rosko time,0,768,768,10000,80,0.013885
mkl time,0,768,768,10000,80,0.002491
rosko bw,1,768,768,10000,80,0.205156
mkl bw,1,768,768,10000,80,1.271369
rosko time,1,768,768,10000,80,0.014858
mkl time,1,768,768,10000,80,0.002599
rosko bw,0,1280,1280,10000,80,0.312563
mkl bw,0,1280,1280,10000,80,1.123187
rosko time,0,1280,1280,10000,80,0.027090
mkl time,0,1280,1280,10000,80,0.008173
rosko bw,1,1280,1280,10000,80,0.466757
mkl bw,1,1280,1280,10000,80,1.343602
rosko time,1,1280,1280,10000,80,0.018133
mkl time,1,1280,1280,10000,80,0.006828
rosko bw,0,1792,1792,10000,80,0.797522
mkl bw,0,1792,1792,10000,80,1.317973
rosko time,0,1792,1792,10000,80,0.020799
mkl time,0,1792,1792,10000,80,0.013642
rosko bw,1,1792,1792,10000,80,0.604236
mkl bw,1,1792,1792,10000,80,1.281493
rosko time,1,1792,1792,10000,80,0.027453
mkl time,1,1792,1792,10000,80,0.014030
rosko bw,0,2304,2304,10000,80,0.668399
mkl bw,0,2304,2304,10000,80,1.153578
rosko time,0,2304,2304,10000,80,0.041025
mkl time,0,2304,2304,10000,80,0.025765
rosko bw,1,2304,2304,10000,80,0.741701
mkl bw,1,2304,2304,10000,80,1.319147
rosko time,1,2304,2304,10000,80,0.036970
mkl time,1,2304,2304,10000,80,0.022531
rosko bw,0,2816,2816,10000,80,0.835629
mkl bw,0,2816,2816,10000,80,1.110572
rosko time,0,2816,2816,10000,80,0.049030
mkl time,0,2816,2816,10000,80,0.039992
rosko bw,1,2816,2816,10000,80,0.672534
mkl bw,1,2816,2816,10000,80,1.091537
rosko time,1,2816,2816,10000,80,0.060931
mkl time,1,2816,2816,10000,80,0.040699
rosko bw,0,3328,3328,10000,80,0.878627
mkl bw,0,3328,3328,10000,80,1.035849
rosko time,0,3328,3328,10000,80,0.065137
mkl time,0,3328,3328,10000,80,0.059896
rosko bw,1,3328,3328,10000,80,0.844983
mkl bw,1,3328,3328,10000,80,1.132603
rosko time,1,3328,3328,10000,80,0.067731
mkl time,1,3328,3328,10000,80,0.054779
rosko bw,0,3840,3840,10000,80,0.787575
mkl bw,0,3840,3840,10000,80,1.011436
rosko time,0,3840,3840,10000,80,0.096743
mkl time,0,3840,3840,10000,80,0.081665
rosko bw,1,3840,3840,10000,80,0.782414
mkl bw,1,3840,3840,10000,80,1.027302
rosko time,1,3840,3840,10000,80,0.097382
mkl time,1,3840,3840,10000,80,0.080403
rosko bw,0,4352,4352,10000,80,0.967194
mkl bw,0,4352,4352,10000,80,1.166428
rosko time,0,4352,4352,10000,80,0.101189
mkl time,0,4352,4352,10000,80,0.090951
rosko bw,1,4352,4352,10000,80,0.792074
mkl bw,1,4352,4352,10000,80,1.046045
rosko time,1,4352,4352,10000,80,0.123561
mkl time,1,4352,4352,10000,80,0.101418
rosko bw,0,4864,4864,10000,80,0.866346
mkl bw,0,4864,4864,10000,80,1.026359
rosko time,0,4864,4864,10000,80,0.141112
mkl time,0,4864,4864,10000,80,0.129106
rosko bw,1,4864,4864,10000,80,0.880824
mkl bw,1,4864,4864,10000,80,1.072996
rosko time,1,4864,4864,10000,80,0.138797
mkl time,1,4864,4864,10000,80,0.123501
rosko bw,0,5376,5376,10000,80,1.019504
mkl bw,0,5376,5376,10000,80,1.030105
rosko time,0,5376,5376,10000,80,0.146480
mkl time,0,5376,5376,10000,80,0.157130
rosko bw,1,5376,5376,10000,80,1.092111
mkl bw,1,5376,5376,10000,80,1.086571
rosko time,1,5376,5376,10000,80,0.136753
mkl time,1,5376,5376,10000,80,0.148983
rosko bw,0,5888,5888,10000,80,0.994287
mkl bw,0,5888,5888,10000,80,1.018346
rosko time,0,5888,5888,10000,80,0.180194
mkl time,0,5888,5888,10000,80,0.190703
rosko bw,1,5888,5888,10000,80,1.007900
mkl bw,1,5888,5888,10000,80,0.973301
rosko time,1,5888,5888,10000,80,0.177749
mkl time,1,5888,5888,10000,80,0.199512
rosko bw,0,6400,6400,10000,80,0.805023
mkl bw,0,6400,6400,10000,80,1.039255
rosko time,0,6400,6400,10000,80,0.262944
mkl time,0,6400,6400,10000,80,0.220775
rosko bw,1,6400,6400,10000,80,0.801044
mkl bw,1,6400,6400,10000,80,0.949661
rosko time,1,6400,6400,10000,80,0.264204
mkl time,1,6400,6400,10000,80,0.241540
rosko bw,0,6912,6912,10000,80,0.804984
mkl bw,0,6912,6912,10000,80,0.954830
rosko time,0,6912,6912,10000,80,0.306663
mkl time,0,6912,6912,10000,80,0.280217
rosko bw,1,6912,6912,10000,80,0.909452
mkl bw,1,6912,6912,10000,80,0.919993
rosko time,1,6912,6912,10000,80,0.271472
mkl time,1,6912,6912,10000,80,0.290882
rosko bw,0,7424,7424,10000,80,0.937308
mkl bw,0,7424,7424,10000,80,0.891624
rosko time,0,7424,7424,10000,80,0.303835
mkl time,0,7424,7424,10000,80,0.346189
rosko bw,1,7424,7424,10000,80,0.798648
mkl bw,1,7424,7424,10000,80,0.900347
rosko time,1,7424,7424,10000,80,0.356601
mkl time,1,7424,7424,10000,80,0.342856
rosko bw,0,7936,7936,10000,80,0.952175
mkl bw,0,7936,7936,10000,80,0.889306
rosko time,0,7936,7936,10000,80,0.341762
mkl time,0,7936,7936,10000,80,0.396611
rosko bw,1,7936,7936,10000,80,1.009257
mkl bw,1,7936,7936,10000,80,0.821430
rosko time,1,7936,7936,10000,80,0.322423
mkl time,1,7936,7936,10000,80,0.429365
rosko bw,0,8448,8448,10000,80,0.852667
mkl bw,0,8448,8448,10000,80,0.934174
rosko time,0,8448,8448,10000,80,0.432478
mkl time,0,8448,8448,10000,80,0.427856
rosko bw,1,8448,8448,10000,80,0.736647
mkl bw,1,8448,8448,10000,80,0.824978
rosko time,1,8448,8448,10000,80,0.500583
mkl time,1,8448,8448,10000,80,0.484473
rosko bw,0,8960,8960,10000,80,0.855008
mkl bw,0,8960,8960,10000,80,0.863068
rosko time,0,8960,8960,10000,80,0.485185
mkl time,0,8960,8960,10000,80,0.520988
rosko bw,1,8960,8960,10000,80,0.822419
mkl bw,1,8960,8960,10000,80,0.872721
rosko time,1,8960,8960,10000,80,0.504408
mkl time,1,8960,8960,10000,80,0.515221
rosko bw,0,9472,9472,10000,80,0.985634
mkl bw,0,9472,9472,10000,80,0.898069
rosko time,0,9472,9472,10000,80,0.470315
mkl time,0,9472,9472,10000,80,0.559466
rosko bw,1,9472,9472,10000,80,1.104701
mkl bw,1,9472,9472,10000,80,0.882319
rosko time,1,9472,9472,10000,80,0.419639
mkl time,1,9472,9472,10000,80,0.569484
rosko bw,0,9984,9984,10000,80,0.911592
mkl bw,0,9984,9984,10000,80,0.854975
rosko time,0,9984,9984,10000,80,0.564994
mkl time,0,9984,9984,10000,80,0.652953
rosko bw,1,9984,9984,10000,80,0.786665
mkl bw,1,9984,9984,10000,80,0.869187
rosko time,1,9984,9984,10000,80,0.654720
mkl time,1,9984,9984,10000,80,0.642279
rosko bw,0,256,256,10000,87,0.063462
mkl bw,0,256,256,10000,87,0.046208
rosko time,0,256,256,10000,87,0.004992
mkl time,0,256,256,10000,87,0.007195
rosko bw,1,256,256,10000,87,0.052809
mkl bw,1,256,256,10000,87,1.372809
rosko time,1,256,256,10000,87,0.005999
mkl time,1,256,256,10000,87,0.000242
rosko bw,0,768,768,10000,87,0.397156
mkl bw,0,768,768,10000,87,1.421744
rosko time,0,768,768,10000,87,0.007155
mkl time,0,768,768,10000,87,0.002094
rosko bw,1,768,768,10000,87,0.041767
mkl bw,1,768,768,10000,87,1.489911
rosko time,1,768,768,10000,87,0.068036
mkl time,1,768,768,10000,87,0.001998
rosko bw,0,1280,1280,10000,87,0.201865
mkl bw,0,1280,1280,10000,87,1.576029
rosko time,0,1280,1280,10000,87,0.039094
mkl time,0,1280,1280,10000,87,0.005244
rosko bw,1,1280,1280,10000,87,0.079531
mkl bw,1,1280,1280,10000,87,1.490696
rosko time,1,1280,1280,10000,87,0.099228
mkl time,1,1280,1280,10000,87,0.005544
rosko bw,0,1792,1792,10000,87,0.781759
mkl bw,0,1792,1792,10000,87,1.608072
rosko time,0,1792,1792,10000,87,0.019773
mkl time,0,1792,1792,10000,87,0.010065
rosko bw,1,1792,1792,10000,87,0.563304
mkl bw,1,1792,1792,10000,87,1.487986
rosko time,1,1792,1792,10000,87,0.027441
mkl time,1,1792,1792,10000,87,0.010877
rosko bw,0,2304,2304,10000,87,0.641004
mkl bw,0,2304,2304,10000,87,1.189958
rosko time,0,2304,2304,10000,87,0.039863
mkl time,0,2304,2304,10000,87,0.022482
rosko bw,1,2304,2304,10000,87,0.803430
mkl bw,1,2304,2304,10000,87,1.299582
rosko time,1,2304,2304,10000,87,0.031804
mkl time,1,2304,2304,10000,87,0.020585
rosko bw,0,2816,2816,10000,87,0.897246
mkl bw,0,2816,2816,10000,87,1.187657
rosko time,0,2816,2816,10000,87,0.042546
mkl time,0,2816,2816,10000,87,0.033654
rosko bw,1,2816,2816,10000,87,0.738490
mkl bw,1,2816,2816,10000,87,1.144263
rosko time,1,2816,2816,10000,87,0.051693
mkl time,1,2816,2816,10000,87,0.034930
rosko bw,0,3328,3328,10000,87,0.496596
mkl bw,0,3328,3328,10000,87,0.711761
rosko time,0,3328,3328,10000,87,0.107358
mkl time,0,3328,3328,10000,87,0.078424
rosko bw,1,3328,3328,10000,87,0.840948
mkl bw,1,3328,3328,10000,87,1.118204
rosko time,1,3328,3328,10000,87,0.063397
mkl time,1,3328,3328,10000,87,0.049918
rosko bw,0,3840,3840,10000,87,0.848172
mkl bw,0,3840,3840,10000,87,1.087785
rosko time,0,3840,3840,10000,87,0.083702
mkl time,0,3840,3840,10000,87,0.068336
rosko bw,1,3840,3840,10000,87,1.139661
mkl bw,1,3840,3840,10000,87,1.066284
rosko time,1,3840,3840,10000,87,0.062293
mkl time,1,3840,3840,10000,87,0.069714
rosko bw,0,4352,4352,10000,87,0.843792
mkl bw,0,4352,4352,10000,87,1.068020
rosko time,0,4352,4352,10000,87,0.108076
mkl time,0,4352,4352,10000,87,0.089401
rosko bw,1,4352,4352,10000,87,1.060243
mkl bw,1,4352,4352,10000,87,0.963370
rosko time,1,4352,4352,10000,87,0.086024
mkl time,1,4352,4352,10000,87,0.099134
rosko bw,0,4864,4864,10000,87,1.181554
mkl bw,0,4864,4864,10000,87,0.988989
rosko time,0,4864,4864,10000,87,0.096399
mkl time,0,4864,4864,10000,87,0.120571
rosko bw,1,4864,4864,10000,87,0.654093
mkl bw,1,4864,4864,10000,87,1.034908
rosko time,1,4864,4864,10000,87,0.174134
mkl time,1,4864,4864,10000,87,0.115221
rosko bw,0,5376,5376,10000,87,0.874894
mkl bw,0,5376,5376,10000,87,0.937405
rosko time,0,5376,5376,10000,87,0.159065
mkl time,0,5376,5376,10000,87,0.155433
rosko bw,1,5376,5376,10000,87,1.250783
mkl bw,1,5376,5376,10000,87,1.079517
rosko time,1,5376,5376,10000,87,0.111257
mkl time,1,5376,5376,10000,87,0.134961
rosko bw,0,5888,5888,10000,87,0.970956
mkl bw,0,5888,5888,10000,87,0.946558
rosko time,0,5888,5888,10000,87,0.171913
mkl time,0,5888,5888,10000,87,0.184620
rosko bw,1,5888,5888,10000,87,1.149707
mkl bw,1,5888,5888,10000,87,0.951431
rosko time,1,5888,5888,10000,87,0.145190
mkl time,1,5888,5888,10000,87,0.183680
rosko bw,0,6400,6400,10000,87,1.085833
mkl bw,0,6400,6400,10000,87,0.951467
rosko time,0,6400,6400,10000,87,0.181634
mkl time,0,6400,6400,10000,87,0.217016
rosko bw,1,6400,6400,10000,87,0.985008
mkl bw,1,6400,6400,10000,87,0.972882
rosko time,1,6400,6400,10000,87,0.200234
mkl time,1,6400,6400,10000,87,0.212250
rosko bw,0,6912,6912,10000,87,0.977006
mkl bw,0,6912,6912,10000,87,0.923779
rosko time,0,6912,6912,10000,87,0.235446
mkl time,0,6912,6912,10000,87,0.260696
rosko bw,1,6912,6912,10000,87,1.213145
mkl bw,1,6912,6912,10000,87,0.960730
rosko time,1,6912,6912,10000,87,0.189625
mkl time,1,6912,6912,10000,87,0.250688
rosko bw,0,7424,7424,10000,87,0.871822
mkl bw,0,7424,7424,10000,87,0.957915
rosko time,0,7424,7424,10000,87,0.304361
mkl time,0,7424,7424,10000,87,0.289994
rosko bw,1,7424,7424,10000,87,0.851399
mkl bw,1,7424,7424,10000,87,0.935477
rosko time,1,7424,7424,10000,87,0.311680
mkl time,1,7424,7424,10000,87,0.296976
rosko bw,0,7936,7936,10000,87,1.010234
mkl bw,0,7936,7936,10000,87,0.973200
rosko time,0,7936,7936,10000,87,0.300150
mkl time,0,7936,7936,10000,87,0.326187
rosko bw,1,7936,7936,10000,87,1.006022
mkl bw,1,7936,7936,10000,87,0.881370
rosko time,1,7936,7936,10000,87,0.301434
mkl time,1,7936,7936,10000,87,0.360218
rosko bw,0,8448,8448,10000,87,1.024767
mkl bw,0,8448,8448,10000,87,0.905223
rosko time,0,8448,8448,10000,87,0.335326
mkl time,0,8448,8448,10000,87,0.397427
rosko bw,1,8448,8448,10000,87,0.744376
mkl bw,1,8448,8448,10000,87,0.934352
rosko time,1,8448,8448,10000,87,0.461608
mkl time,1,8448,8448,10000,87,0.384999
rosko bw,0,8960,8960,10000,87,0.913015
mkl bw,0,8960,8960,10000,87,0.917565
rosko time,0,8960,8960,10000,87,0.423367
mkl time,0,8960,8960,10000,87,0.441044
rosko bw,1,8960,8960,10000,87,0.892371
mkl bw,1,8960,8960,10000,87,0.935216
rosko time,1,8960,8960,10000,87,0.433140
mkl time,1,8960,8960,10000,87,0.432685
rosko bw,0,9472,9472,10000,87,0.851069
mkl bw,0,9472,9472,10000,87,0.923255
rosko time,0,9472,9472,10000,87,0.507532
mkl time,0,9472,9472,10000,87,0.489795
rosko bw,1,9472,9472,10000,87,0.886890
mkl bw,1,9472,9472,10000,87,0.931193
rosko time,1,9472,9472,10000,87,0.487047
mkl time,1,9472,9472,10000,87,0.485636
rosko bw,0,9984,9984,10000,87,1.151925
mkl bw,0,9984,9984,10000,87,0.879355
rosko time,0,9984,9984,10000,87,0.416599
mkl time,0,9984,9984,10000,87,0.571323
rosko bw,1,9984,9984,10000,87,0.991571
mkl bw,1,9984,9984,10000,87,0.868155
rosko time,1,9984,9984,10000,87,0.483984
mkl time,1,9984,9984,10000,87,0.578720
rosko bw,0,256,256,10000,95,0.061113
mkl bw,0,256,256,10000,95,0.051837
rosko time,0,256,256,10000,95,0.004711
mkl time,0,256,256,10000,95,0.005595
rosko bw,1,256,256,10000,95,0.050875
mkl bw,1,256,256,10000,95,0.678127
rosko time,1,256,256,10000,95,0.005659
mkl time,1,256,256,10000,95,0.000428
rosko bw,0,768,768,10000,95,0.052996
mkl bw,0,768,768,10000,95,1.768537
rosko time,0,768,768,10000,95,0.048816
mkl time,0,768,768,10000,95,0.001471
rosko bw,1,768,768,10000,95,0.390749
mkl bw,1,768,768,10000,95,1.786477
rosko time,1,768,768,10000,95,0.006621
mkl time,1,768,768,10000,95,0.001456
rosko bw,0,1280,1280,10000,95,0.052157
mkl bw,0,1280,1280,10000,95,1.666416
rosko time,0,1280,1280,10000,95,0.137741
mkl time,0,1280,1280,10000,95,0.004333
rosko bw,1,1280,1280,10000,95,0.104224
mkl bw,1,1280,1280,10000,95,1.778824
rosko time,1,1280,1280,10000,95,0.068870
mkl time,1,1280,1280,10000,95,0.004055
rosko bw,0,1792,1792,10000,95,1.045306
mkl bw,0,1792,1792,10000,95,1.583222
rosko time,0,1792,1792,10000,95,0.013458
mkl time,0,1792,1792,10000,95,0.008928
rosko bw,1,1792,1792,10000,95,0.810742
mkl bw,1,1792,1792,10000,95,1.619134
rosko time,1,1792,1792,10000,95,0.017352
mkl time,1,1792,1792,10000,95,0.008730
rosko bw,0,2304,2304,10000,95,0.866193
mkl bw,0,2304,2304,10000,95,1.519702
rosko time,0,2304,2304,10000,95,0.026851
mkl time,0,2304,2304,10000,95,0.015376
rosko bw,1,2304,2304,10000,95,1.198885
mkl bw,1,2304,2304,10000,95,1.525945
rosko time,1,2304,2304,10000,95,0.019400
mkl time,1,2304,2304,10000,95,0.015313
rosko bw,0,2816,2816,10000,95,1.224975
mkl bw,0,2816,2816,10000,95,1.435678
rosko time,0,2816,2816,10000,95,0.028366
mkl time,0,2816,2816,10000,95,0.024315
rosko bw,1,2816,2816,10000,95,1.216619
mkl bw,1,2816,2816,10000,95,1.303035
rosko time,1,2816,2816,10000,95,0.028560
mkl time,1,2816,2816,10000,95,0.026790
rosko bw,0,3328,3328,10000,95,1.036872
mkl bw,0,3328,3328,10000,95,1.159659
rosko time,0,3328,3328,10000,95,0.046807
mkl time,0,3328,3328,10000,95,0.042043
rosko bw,1,3328,3328,10000,95,0.949300
mkl bw,1,3328,3328,10000,95,1.117138
rosko time,1,3328,3328,10000,95,0.051117
mkl time,1,3328,3328,10000,95,0.043636
rosko bw,0,3840,3840,10000,95,1.096617
mkl bw,0,3840,3840,10000,95,1.048402
rosko time,0,3840,3840,10000,95,0.058914
mkl time,0,3840,3840,10000,95,0.061905
rosko bw,1,3840,3840,10000,95,1.098892
mkl bw,1,3840,3840,10000,95,0.772959
rosko time,1,3840,3840,10000,95,0.058776
mkl time,1,3840,3840,10000,95,0.083932
rosko bw,0,4352,4352,10000,95,0.890492
mkl bw,0,4352,4352,10000,95,1.025556
rosko time,0,4352,4352,10000,95,0.093161
mkl time,0,4352,4352,10000,95,0.081251
rosko bw,1,4352,4352,10000,95,0.919188
mkl bw,1,4352,4352,10000,95,0.851124
rosko time,1,4352,4352,10000,95,0.090252
mkl time,1,4352,4352,10000,95,0.097903
rosko bw,0,4864,4864,10000,95,1.096870
mkl bw,0,4864,4864,10000,95,0.747908
rosko time,0,4864,4864,10000,95,0.094491
mkl time,0,4864,4864,10000,95,0.139194
rosko bw,1,4864,4864,10000,95,1.098842
mkl bw,1,4864,4864,10000,95,0.894439
rosko time,1,4864,4864,10000,95,0.094335
mkl time,1,4864,4864,10000,95,0.116415
rosko bw,0,5376,5376,10000,95,1.225680
mkl bw,0,5376,5376,10000,95,0.922558
rosko time,0,5376,5376,10000,95,0.103315
mkl time,0,5376,5376,10000,95,0.137875
rosko bw,1,5376,5376,10000,95,1.374431
mkl bw,1,5376,5376,10000,95,0.867866
rosko time,1,5376,5376,10000,95,0.092125
mkl time,1,5376,5376,10000,95,0.146548
rosko bw,0,5888,5888,10000,95,1.304115
mkl bw,0,5888,5888,10000,95,0.864772
rosko time,0,5888,5888,10000,95,0.116474
mkl time,0,5888,5888,10000,95,0.176433
rosko bw,1,5888,5888,10000,95,1.179930
mkl bw,1,5888,5888,10000,95,0.876053
rosko time,1,5888,5888,10000,95,0.128733
mkl time,1,5888,5888,10000,95,0.174161
rosko bw,0,6400,6400,10000,95,1.048779
mkl bw,0,6400,6400,10000,95,0.791135
rosko time,0,6400,6400,10000,95,0.171109
mkl time,0,6400,6400,10000,95,0.227837
rosko bw,1,6400,6400,10000,95,1.109298
mkl bw,1,6400,6400,10000,95,0.744851
rosko time,1,6400,6400,10000,95,0.161792
mkl time,1,6400,6400,10000,95,0.242025
rosko bw,0,6912,6912,10000,95,1.170606
mkl bw,0,6912,6912,10000,95,0.835350
rosko time,0,6912,6912,10000,95,0.178806
mkl time,0,6912,6912,10000,95,0.251671
rosko bw,1,6912,6912,10000,95,1.471016
mkl bw,1,6912,6912,10000,95,0.770612
rosko time,1,6912,6912,10000,95,0.142297
mkl time,1,6912,6912,10000,95,0.272825
rosko bw,0,7424,7424,10000,95,1.120856
mkl bw,0,7424,7424,10000,95,0.858755
rosko time,0,7424,7424,10000,95,0.215425
mkl time,0,7424,7424,10000,95,0.282413
rosko bw,1,7424,7424,10000,95,1.388511
mkl bw,1,7424,7424,10000,95,0.838118
rosko time,1,7424,7424,10000,95,0.173903
mkl time,1,7424,7424,10000,95,0.289376
rosko bw,0,7936,7936,10000,95,1.222490
mkl bw,0,7936,7936,10000,95,0.898464
rosko time,0,7936,7936,10000,95,0.225713
mkl time,0,7936,7936,10000,95,0.308474
rosko bw,1,7936,7936,10000,95,1.110568
mkl bw,1,7936,7936,10000,95,0.900447
rosko time,1,7936,7936,10000,95,0.248443
mkl time,1,7936,7936,10000,95,0.307763
rosko bw,0,8448,8448,10000,95,1.475023
mkl bw,0,8448,8448,10000,95,0.989052
rosko time,0,8448,8448,10000,95,0.211976
mkl time,0,8448,8448,10000,95,0.317520
rosko bw,1,8448,8448,10000,95,1.056788
mkl bw,1,8448,8448,10000,95,0.981330
rosko time,1,8448,8448,10000,95,0.295884
mkl time,1,8448,8448,10000,95,0.320039
rosko bw,0,8960,8960,10000,95,1.080366
mkl bw,0,8960,8960,10000,95,0.789570
rosko time,0,8960,8960,10000,95,0.325566
mkl time,0,8960,8960,10000,95,0.447427
rosko bw,1,8960,8960,10000,95,1.114481
mkl bw,1,8960,8960,10000,95,0.827132
rosko time,1,8960,8960,10000,95,0.315623
mkl time,1,8960,8960,10000,95,0.427150
rosko bw,0,9472,9472,10000,95,1.285028
mkl bw,0,9472,9472,10000,95,0.818706
rosko time,0,9472,9472,10000,95,0.305892
mkl time,0,9472,9472,10000,95,0.482236
rosko bw,1,9472,9472,10000,95,1.138728
mkl bw,1,9472,9472,10000,95,0.801513
rosko time,1,9472,9472,10000,95,0.345177
mkl time,1,9472,9472,10000,95,0.492557
rosko bw,0,9984,9984,10000,95,1.017711
mkl bw,0,9984,9984,10000,95,0.821181
rosko time,0,9984,9984,10000,95,0.429107
mkl time,0,9984,9984,10000,95,0.534140
rosko bw,1,9984,9984,10000,95,1.067934
mkl bw,1,9984,9984,10000,95,0.771036
rosko time,1,9984,9984,10000,95,0.408913
mkl time,1,9984,9984,10000,95,0.568858
