algo,p,sp,M,K,N,time,ntrials
rosko,10,0.600000,10000,10000,10000,4.022498,10
numpy_dense,10,60.0,4000,10000,10000,1.929737,10
rosko,10,0.700000,10000,10000,10000,3.348188,10
numpy_dense,10,70.0,3000,10000,10000,1.46989,10
rosko,10,0.800000,10000,10000,10000,2.659401,10
numpy_dense,10,80.0,2000,10000,10000,0.978817,10
rosko,10,0.900000,10000,10000,10000,1.738726,10
numpy_dense,10,90.0,1000,10000,10000,0.469723,10
rosko,10,0.950000,10000,10000,10000,1.105142,10
numpy_dense,10,95.0,500,10000,10000,0.252824,10
rosko,10,0.980000,10000,10000,10000,0.728883,10
numpy_dense,10,98.0,200,10000,10000,0.122855,10
rosko,10,0.990000,10000,10000,10000,0.506399,10
numpy_dense,10,99.0,100,10000,10000,0.068132,10
rosko,10,0.995000,10000,10000,10000,0.395693,10
numpy_dense,10,99.5,50,10000,10000,0.045912,10
rosko,10,0.997000,10000,10000,10000,0.307453,10
numpy_dense,10,99.7,30,10000,10000,0.034698,10
rosko,10,0.999000,10000,10000,10000,0.209163,10
numpy_dense,10,99.9,10,10000,10000,0.022841,10
