algo,p,sp,M,K,N,sppattern,rosko-time,ntrials,L3_factor,L3_size
rosko,6,90.000000,8192,8192,8192,random-uniform,1.348221,15,0.100000,2516583
rosko,6,90.000000,8192,8192,8192,random-uniform,1.420070,15,0.175000,4404019
rosko,6,90.000000,8192,8192,8192,random-uniform,1.559250,15,0.250000,6291456
rosko,6,90.000000,8192,8192,8192,random-uniform,1.609705,15,0.500000,12582912
rosko,6,90.000000,8192,8192,8192,random-uniform,1.645833,15,0.750000,18874368
rosko,6,90.000000,8192,8192,8192,random-uniform,1.682299,15,1.000000,25165824
rosko,6,90.000000,8192,8192,8192,random-uniform,1.684524,15,1.100000,27682408
rosko,6,90.000000,8192,8192,8192,random-uniform,1.680661,15,1.250000,31457280
rosko,6,90.000000,8192,8192,8192,random-uniform,1.749757,15,1.500000,37748736
rosko,6,90.000000,8192,8192,8192,random-uniform,1.770511,15,1.750000,44040192
rosko,6,90.000000,8192,8192,8192,random-uniform,1.841261,15,2.000000,50331648
rosko,6,90.000000,8192,8192,8192,diagonal,0.935030,15,0.100000,2516583
rosko,6,90.000000,8192,8192,8192,diagonal,0.894492,15,0.175000,4404019
rosko,6,90.000000,8192,8192,8192,diagonal,0.883474,15,0.250000,6291456
rosko,6,90.000000,8192,8192,8192,diagonal,0.874216,15,0.500000,12582912
rosko,6,90.000000,8192,8192,8192,diagonal,0.879629,15,0.750000,18874368
rosko,6,90.000000,8192,8192,8192,diagonal,0.885903,15,1.000000,25165824
rosko,6,90.000000,8192,8192,8192,diagonal,0.883408,15,1.100000,27682408
rosko,6,90.000000,8192,8192,8192,diagonal,0.923175,15,1.250000,31457280
rosko,6,90.000000,8192,8192,8192,diagonal,0.918263,15,1.500000,37748736
rosko,6,90.000000,8192,8192,8192,diagonal,0.919954,15,1.750000,44040192
rosko,6,90.000000,8192,8192,8192,diagonal,0.904318,15,2.000000,50331648
rosko,6,90.000000,8192,8192,8192,row-pattern,1.912560,15,0.100000,2516583
rosko,6,90.000000,8192,8192,8192,row-pattern,1.879209,15,0.175000,4404019
rosko,6,90.000000,8192,8192,8192,row-pattern,2.001159,15,0.250000,6291456
rosko,6,90.000000,8192,8192,8192,row-pattern,1.797516,15,0.500000,12582912
rosko,6,90.000000,8192,8192,8192,row-pattern,1.813820,15,0.750000,18874368
rosko,6,90.000000,8192,8192,8192,row-pattern,1.723811,15,1.000000,25165824
rosko,6,90.000000,8192,8192,8192,row-pattern,1.729788,15,1.100000,27682408
rosko,6,90.000000,8192,8192,8192,row-pattern,1.670695,15,1.250000,31457280
rosko,6,90.000000,8192,8192,8192,row-pattern,1.649791,15,1.500000,37748736
rosko,6,90.000000,8192,8192,8192,row-pattern,1.696175,15,1.750000,44040192
rosko,6,90.000000,8192,8192,8192,row-pattern,1.716061,15,2.000000,50331648
rosko,6,90.000000,8192,8192,8192,column-pattern,0.949009,15,0.100000,2516583
rosko,6,90.000000,8192,8192,8192,column-pattern,0.930138,15,0.175000,4404019
rosko,6,90.000000,8192,8192,8192,column-pattern,0.922362,15,0.250000,6291456
rosko,6,90.000000,8192,8192,8192,column-pattern,0.935202,15,0.500000,12582912
rosko,6,90.000000,8192,8192,8192,column-pattern,0.925401,15,0.750000,18874368
rosko,6,90.000000,8192,8192,8192,column-pattern,0.955317,15,1.000000,25165824
rosko,6,90.000000,8192,8192,8192,column-pattern,0.930145,15,1.100000,27682408
rosko,6,90.000000,8192,8192,8192,column-pattern,0.916338,15,1.250000,31457280
rosko,6,90.000000,8192,8192,8192,column-pattern,0.950396,15,1.500000,37748736
rosko,6,90.000000,8192,8192,8192,column-pattern,0.945670,15,1.750000,44040192
rosko,6,90.000000,8192,8192,8192,column-pattern,0.932012,15,2.000000,50331648
rosko,7,90.000000,8192,8192,8192,random-uniform,1.904558,15,0.100000,2516583
rosko,7,90.000000,8192,8192,8192,random-uniform,1.945159,15,0.175000,4404019
rosko,7,90.000000,8192,8192,8192,random-uniform,2.002704,15,0.250000,6291456
rosko,7,90.000000,8192,8192,8192,random-uniform,2.050636,15,0.500000,12582912
rosko,7,90.000000,8192,8192,8192,random-uniform,2.063188,15,0.750000,18874368
rosko,7,90.000000,8192,8192,8192,random-uniform,2.063510,15,1.000000,25165824
rosko,7,90.000000,8192,8192,8192,random-uniform,2.058258,15,1.100000,27682408
rosko,7,90.000000,8192,8192,8192,random-uniform,2.104347,15,1.250000,31457280
rosko,7,90.000000,8192,8192,8192,random-uniform,2.126845,15,1.500000,37748736
rosko,7,90.000000,8192,8192,8192,random-uniform,2.114293,15,1.750000,44040192
rosko,7,90.000000,8192,8192,8192,random-uniform,2.128355,15,2.000000,50331648
rosko,7,90.000000,8192,8192,8192,diagonal,1.298970,15,0.100000,2516583
rosko,7,90.000000,8192,8192,8192,diagonal,1.264939,15,0.175000,4404019
rosko,7,90.000000,8192,8192,8192,diagonal,1.247022,15,0.250000,6291456
rosko,7,90.000000,8192,8192,8192,diagonal,1.099475,15,0.500000,12582912
rosko,7,90.000000,8192,8192,8192,diagonal,1.086451,15,0.750000,18874368
rosko,7,90.000000,8192,8192,8192,diagonal,1.064754,15,1.000000,25165824
rosko,7,90.000000,8192,8192,8192,diagonal,1.073505,15,1.100000,27682408
rosko,7,90.000000,8192,8192,8192,diagonal,1.073672,15,1.250000,31457280
rosko,7,90.000000,8192,8192,8192,diagonal,1.045701,15,1.500000,37748736
rosko,7,90.000000,8192,8192,8192,diagonal,1.057732,15,1.750000,44040192
rosko,7,90.000000,8192,8192,8192,diagonal,1.062097,15,2.000000,50331648
rosko,7,90.000000,8192,8192,8192,row-pattern,2.186245,15,0.100000,2516583
rosko,7,90.000000,8192,8192,8192,row-pattern,2.054442,15,0.175000,4404019
rosko,7,90.000000,8192,8192,8192,row-pattern,2.030715,15,0.250000,6291456
rosko,7,90.000000,8192,8192,8192,row-pattern,1.902213,15,0.500000,12582912
rosko,7,90.000000,8192,8192,8192,row-pattern,1.928877,15,0.750000,18874368
rosko,7,90.000000,8192,8192,8192,row-pattern,1.886644,15,1.000000,25165824
rosko,7,90.000000,8192,8192,8192,row-pattern,1.956334,15,1.100000,27682408
rosko,7,90.000000,8192,8192,8192,row-pattern,1.938285,15,1.250000,31457280
rosko,7,90.000000,8192,8192,8192,row-pattern,1.937895,15,1.500000,37748736
rosko,7,90.000000,8192,8192,8192,row-pattern,1.886660,15,1.750000,44040192
rosko,7,90.000000,8192,8192,8192,row-pattern,1.970755,15,2.000000,50331648
rosko,7,90.000000,8192,8192,8192,column-pattern,1.380905,15,0.100000,2516583
rosko,7,90.000000,8192,8192,8192,column-pattern,1.374190,15,0.175000,4404019
rosko,7,90.000000,8192,8192,8192,column-pattern,1.352667,15,0.250000,6291456
rosko,7,90.000000,8192,8192,8192,column-pattern,1.155696,15,0.500000,12582912
rosko,7,90.000000,8192,8192,8192,column-pattern,1.126417,15,0.750000,18874368
rosko,7,90.000000,8192,8192,8192,column-pattern,1.136389,15,1.000000,25165824
rosko,7,90.000000,8192,8192,8192,column-pattern,1.127774,15,1.100000,27682408
rosko,7,90.000000,8192,8192,8192,column-pattern,1.130055,15,1.250000,31457280
rosko,7,90.000000,8192,8192,8192,column-pattern,1.113086,15,1.500000,37748736
rosko,7,90.000000,8192,8192,8192,column-pattern,1.112775,15,1.750000,44040192
rosko,7,90.000000,8192,8192,8192,column-pattern,1.116705,15,2.000000,50331648
rosko,14,90.000000,8192,8192,8192,random-uniform,1.579752,15,0.100000,2516583
rosko,14,90.000000,8192,8192,8192,random-uniform,1.545013,15,0.175000,4404019
rosko,14,90.000000,8192,8192,8192,random-uniform,1.476717,15,0.250000,6291456
rosko,14,90.000000,8192,8192,8192,random-uniform,1.382563,15,0.500000,12582912
rosko,14,90.000000,8192,8192,8192,random-uniform,1.386534,15,0.750000,18874368
rosko,14,90.000000,8192,8192,8192,random-uniform,1.519499,15,1.000000,25165824
rosko,14,90.000000,8192,8192,8192,random-uniform,1.610136,15,1.100000,27682408
rosko,14,90.000000,8192,8192,8192,random-uniform,1.627125,15,1.250000,31457280
rosko,14,90.000000,8192,8192,8192,random-uniform,1.598990,15,1.500000,37748736
rosko,14,90.000000,8192,8192,8192,random-uniform,1.567773,15,1.750000,44040192
rosko,14,90.000000,8192,8192,8192,random-uniform,1.597212,15,2.000000,50331648
rosko,14,90.000000,8192,8192,8192,diagonal,1.094367,15,0.100000,2516583
rosko,14,90.000000,8192,8192,8192,diagonal,1.056024,15,0.175000,4404019
rosko,14,90.000000,8192,8192,8192,diagonal,1.027634,15,0.250000,6291456
rosko,14,90.000000,8192,8192,8192,diagonal,0.972705,15,0.500000,12582912
rosko,14,90.000000,8192,8192,8192,diagonal,0.961212,15,0.750000,18874368
rosko,14,90.000000,8192,8192,8192,diagonal,0.963227,15,1.000000,25165824
rosko,14,90.000000,8192,8192,8192,diagonal,0.930935,15,1.100000,27682408
rosko,14,90.000000,8192,8192,8192,diagonal,0.949914,15,1.250000,31457280
rosko,14,90.000000,8192,8192,8192,diagonal,0.912023,15,1.500000,37748736
rosko,14,90.000000,8192,8192,8192,diagonal,0.908893,15,1.750000,44040192
rosko,14,90.000000,8192,8192,8192,diagonal,0.913187,15,2.000000,50331648
rosko,14,90.000000,8192,8192,8192,row-pattern,1.931407,15,0.100000,2516583
rosko,14,90.000000,8192,8192,8192,row-pattern,1.905278,15,0.175000,4404019
rosko,14,90.000000,8192,8192,8192,row-pattern,1.807105,15,0.250000,6291456
rosko,14,90.000000,8192,8192,8192,row-pattern,1.708433,15,0.500000,12582912
rosko,14,90.000000,8192,8192,8192,row-pattern,1.688990,15,0.750000,18874368
rosko,14,90.000000,8192,8192,8192,row-pattern,1.668078,15,1.000000,25165824
rosko,14,90.000000,8192,8192,8192,row-pattern,1.643099,15,1.100000,27682408
rosko,14,90.000000,8192,8192,8192,row-pattern,1.635579,15,1.250000,31457280
rosko,14,90.000000,8192,8192,8192,row-pattern,1.618195,15,1.500000,37748736
rosko,14,90.000000,8192,8192,8192,row-pattern,1.661770,15,1.750000,44040192
rosko,14,90.000000,8192,8192,8192,row-pattern,1.667802,15,2.000000,50331648
rosko,14,90.000000,8192,8192,8192,column-pattern,1.165854,15,0.100000,2516583
rosko,14,90.000000,8192,8192,8192,column-pattern,1.137465,15,0.175000,4404019
rosko,14,90.000000,8192,8192,8192,column-pattern,1.126554,15,0.250000,6291456
rosko,14,90.000000,8192,8192,8192,column-pattern,1.027164,15,0.500000,12582912
rosko,14,90.000000,8192,8192,8192,column-pattern,1.012828,15,0.750000,18874368
rosko,14,90.000000,8192,8192,8192,column-pattern,0.990773,15,1.000000,25165824
rosko,14,90.000000,8192,8192,8192,column-pattern,1.003295,15,1.100000,27682408
rosko,14,90.000000,8192,8192,8192,column-pattern,0.990674,15,1.250000,31457280
rosko,14,90.000000,8192,8192,8192,column-pattern,0.961775,15,1.500000,37748736
rosko,14,90.000000,8192,8192,8192,column-pattern,0.960424,15,1.750000,44040192
rosko,14,90.000000,8192,8192,8192,column-pattern,0.958249,15,2.000000,50331648
rosko,30,90.000000,8192,8192,8192,random-uniform,1.721869,15,0.100000,2516583
rosko,30,90.000000,8192,8192,8192,random-uniform,1.772793,15,0.175000,4404019
rosko,30,90.000000,8192,8192,8192,random-uniform,1.668960,15,0.250000,6291456
rosko,30,90.000000,8192,8192,8192,random-uniform,1.492894,15,0.500000,12582912
rosko,30,90.000000,8192,8192,8192,random-uniform,1.388542,15,0.750000,18874368
rosko,30,90.000000,8192,8192,8192,random-uniform,1.331795,15,1.000000,25165824
rosko,30,90.000000,8192,8192,8192,random-uniform,1.324302,15,1.100000,27682408
rosko,30,90.000000,8192,8192,8192,random-uniform,1.304144,15,1.250000,31457280
rosko,30,90.000000,8192,8192,8192,random-uniform,1.244442,15,1.500000,37748736
rosko,30,90.000000,8192,8192,8192,random-uniform,1.284051,15,1.750000,44040192
rosko,30,90.000000,8192,8192,8192,random-uniform,1.315508,15,2.000000,50331648
rosko,30,90.000000,8192,8192,8192,diagonal,1.165451,15,0.100000,2516583
rosko,30,90.000000,8192,8192,8192,diagonal,1.049326,15,0.175000,4404019
rosko,30,90.000000,8192,8192,8192,diagonal,0.992079,15,0.250000,6291456
rosko,30,90.000000,8192,8192,8192,diagonal,0.968088,15,0.500000,12582912
rosko,30,90.000000,8192,8192,8192,diagonal,0.944879,15,0.750000,18874368
rosko,30,90.000000,8192,8192,8192,diagonal,0.974365,15,1.000000,25165824
rosko,30,90.000000,8192,8192,8192,diagonal,0.949306,15,1.100000,27682408
rosko,30,90.000000,8192,8192,8192,diagonal,0.937025,15,1.250000,31457280
rosko,30,90.000000,8192,8192,8192,diagonal,0.926890,15,1.500000,37748736
rosko,30,90.000000,8192,8192,8192,diagonal,0.905208,15,1.750000,44040192
rosko,30,90.000000,8192,8192,8192,diagonal,0.910546,15,2.000000,50331648
rosko,30,90.000000,8192,8192,8192,row-pattern,2.119546,15,0.100000,2516583
rosko,30,90.000000,8192,8192,8192,row-pattern,2.002378,15,0.175000,4404019
rosko,30,90.000000,8192,8192,8192,row-pattern,1.965519,15,0.250000,6291456
rosko,30,90.000000,8192,8192,8192,row-pattern,1.766693,15,0.500000,12582912
rosko,30,90.000000,8192,8192,8192,row-pattern,1.683205,15,0.750000,18874368
rosko,30,90.000000,8192,8192,8192,row-pattern,1.658366,15,1.000000,25165824
rosko,30,90.000000,8192,8192,8192,row-pattern,1.663220,15,1.100000,27682408
rosko,30,90.000000,8192,8192,8192,row-pattern,1.658822,15,1.250000,31457280
rosko,30,90.000000,8192,8192,8192,row-pattern,1.611036,15,1.500000,37748736
rosko,30,90.000000,8192,8192,8192,row-pattern,1.631943,15,1.750000,44040192
rosko,30,90.000000,8192,8192,8192,row-pattern,1.613390,15,2.000000,50331648
rosko,30,90.000000,8192,8192,8192,column-pattern,1.233207,15,0.100000,2516583
rosko,30,90.000000,8192,8192,8192,column-pattern,1.128942,15,0.175000,4404019
rosko,30,90.000000,8192,8192,8192,column-pattern,1.121342,15,0.250000,6291456
rosko,30,90.000000,8192,8192,8192,column-pattern,1.102739,15,0.500000,12582912
rosko,30,90.000000,8192,8192,8192,column-pattern,1.074863,15,0.750000,18874368
rosko,30,90.000000,8192,8192,8192,column-pattern,1.020017,15,1.000000,25165824
rosko,30,90.000000,8192,8192,8192,column-pattern,1.013591,15,1.100000,27682408
rosko,30,90.000000,8192,8192,8192,column-pattern,1.004493,15,1.250000,31457280
rosko,30,90.000000,8192,8192,8192,column-pattern,0.976310,15,1.500000,37748736
rosko,30,90.000000,8192,8192,8192,column-pattern,0.970774,15,1.750000,44040192
rosko,30,90.000000,8192,8192,8192,column-pattern,0.984083,15,2.000000,50331648
rosko,50,90.000000,8192,8192,8192,random-uniform,2.254898,15,0.100000,2516583
rosko,50,90.000000,8192,8192,8192,random-uniform,2.112725,15,0.175000,4404019
rosko,50,90.000000,8192,8192,8192,random-uniform,1.895714,15,0.250000,6291456
rosko,50,90.000000,8192,8192,8192,random-uniform,1.734113,15,0.500000,12582912
rosko,50,90.000000,8192,8192,8192,random-uniform,1.502988,15,0.750000,18874368
rosko,50,90.000000,8192,8192,8192,random-uniform,1.470458,15,1.000000,25165824
rosko,50,90.000000,8192,8192,8192,random-uniform,1.472366,15,1.100000,27682408
rosko,50,90.000000,8192,8192,8192,random-uniform,1.405566,15,1.250000,31457280
rosko,50,90.000000,8192,8192,8192,random-uniform,1.356107,15,1.500000,37748736
rosko,50,90.000000,8192,8192,8192,random-uniform,1.359379,15,1.750000,44040192
rosko,50,90.000000,8192,8192,8192,random-uniform,1.352978,15,2.000000,50331648
rosko,50,90.000000,8192,8192,8192,diagonal,1.490978,15,0.100000,2516583
rosko,50,90.000000,8192,8192,8192,diagonal,1.146114,15,0.175000,4404019
rosko,50,90.000000,8192,8192,8192,diagonal,1.006019,15,0.250000,6291456
rosko,50,90.000000,8192,8192,8192,diagonal,0.982604,15,0.500000,12582912
rosko,50,90.000000,8192,8192,8192,diagonal,0.960646,15,0.750000,18874368
rosko,50,90.000000,8192,8192,8192,diagonal,0.940010,15,1.000000,25165824
rosko,50,90.000000,8192,8192,8192,diagonal,0.939562,15,1.100000,27682408
rosko,50,90.000000,8192,8192,8192,diagonal,0.930800,15,1.250000,31457280
rosko,50,90.000000,8192,8192,8192,diagonal,0.912914,15,1.500000,37748736
rosko,50,90.000000,8192,8192,8192,diagonal,0.916343,15,1.750000,44040192
rosko,50,90.000000,8192,8192,8192,diagonal,0.911615,15,2.000000,50331648
rosko,50,90.000000,8192,8192,8192,row-pattern,2.413350,15,0.100000,2516583
rosko,50,90.000000,8192,8192,8192,row-pattern,2.054976,15,0.175000,4404019
rosko,50,90.000000,8192,8192,8192,row-pattern,1.908187,15,0.250000,6291456
rosko,50,90.000000,8192,8192,8192,row-pattern,1.821796,15,0.500000,12582912
rosko,50,90.000000,8192,8192,8192,row-pattern,1.854880,15,0.750000,18874368
rosko,50,90.000000,8192,8192,8192,row-pattern,1.715586,15,1.000000,25165824
rosko,50,90.000000,8192,8192,8192,row-pattern,1.716636,15,1.100000,27682408
rosko,50,90.000000,8192,8192,8192,row-pattern,1.678260,15,1.250000,31457280
rosko,50,90.000000,8192,8192,8192,row-pattern,1.626181,15,1.500000,37748736
rosko,50,90.000000,8192,8192,8192,row-pattern,1.657405,15,1.750000,44040192
rosko,50,90.000000,8192,8192,8192,row-pattern,1.644727,15,2.000000,50331648
rosko,50,90.000000,8192,8192,8192,column-pattern,1.631901,15,0.100000,2516583
rosko,50,90.000000,8192,8192,8192,column-pattern,1.263707,15,0.175000,4404019
rosko,50,90.000000,8192,8192,8192,column-pattern,1.224759,15,0.250000,6291456
rosko,50,90.000000,8192,8192,8192,column-pattern,1.191742,15,0.500000,12582912
rosko,50,90.000000,8192,8192,8192,column-pattern,1.102993,15,0.750000,18874368
rosko,50,90.000000,8192,8192,8192,column-pattern,1.090838,15,1.000000,25165824
rosko,50,90.000000,8192,8192,8192,column-pattern,1.227149,15,1.100000,27682408
rosko,50,90.000000,8192,8192,8192,column-pattern,1.175634,15,1.250000,31457280
rosko,50,90.000000,8192,8192,8192,column-pattern,1.179196,15,1.500000,37748736
rosko,50,90.000000,8192,8192,8192,column-pattern,1.171527,15,1.750000,44040192
rosko,50,90.000000,8192,8192,8192,column-pattern,1.047484,15,2.000000,50331648
rosko,75,90.000000,8192,8192,8192,random-uniform,3.340183,15,0.100000,2516583
rosko,75,90.000000,8192,8192,8192,random-uniform,2.541700,15,0.175000,4404019
rosko,75,90.000000,8192,8192,8192,random-uniform,2.545813,15,0.250000,6291456
rosko,75,90.000000,8192,8192,8192,random-uniform,2.150887,15,0.500000,12582912
rosko,75,90.000000,8192,8192,8192,random-uniform,1.906864,15,0.750000,18874368
rosko,75,90.000000,8192,8192,8192,random-uniform,1.709338,15,1.000000,25165824
rosko,75,90.000000,8192,8192,8192,random-uniform,1.708912,15,1.100000,27682408
rosko,75,90.000000,8192,8192,8192,random-uniform,1.565218,15,1.250000,31457280
rosko,75,90.000000,8192,8192,8192,random-uniform,1.561082,15,1.500000,37748736
rosko,75,90.000000,8192,8192,8192,random-uniform,1.503076,15,1.750000,44040192
rosko,75,90.000000,8192,8192,8192,random-uniform,1.495584,15,2.000000,50331648
rosko,75,90.000000,8192,8192,8192,diagonal,2.214296,15,0.100000,2516583
rosko,75,90.000000,8192,8192,8192,diagonal,1.277491,15,0.175000,4404019
rosko,75,90.000000,8192,8192,8192,diagonal,1.276301,15,0.250000,6291456
rosko,75,90.000000,8192,8192,8192,diagonal,1.021088,15,0.500000,12582912
rosko,75,90.000000,8192,8192,8192,diagonal,0.965016,15,0.750000,18874368
rosko,75,90.000000,8192,8192,8192,diagonal,0.945547,15,1.000000,25165824
rosko,75,90.000000,8192,8192,8192,diagonal,0.944245,15,1.100000,27682408
rosko,75,90.000000,8192,8192,8192,diagonal,0.932096,15,1.250000,31457280
rosko,75,90.000000,8192,8192,8192,diagonal,0.924710,15,1.500000,37748736
rosko,75,90.000000,8192,8192,8192,diagonal,0.920779,15,1.750000,44040192
rosko,75,90.000000,8192,8192,8192,diagonal,0.914742,15,2.000000,50331648
rosko,75,90.000000,8192,8192,8192,row-pattern,3.141408,15,0.100000,2516583
rosko,75,90.000000,8192,8192,8192,row-pattern,2.181997,15,0.175000,4404019
rosko,75,90.000000,8192,8192,8192,row-pattern,2.139077,15,0.250000,6291456
rosko,75,90.000000,8192,8192,8192,row-pattern,1.989242,15,0.500000,12582912
rosko,75,90.000000,8192,8192,8192,row-pattern,1.846103,15,0.750000,18874368
rosko,75,90.000000,8192,8192,8192,row-pattern,1.794022,15,1.000000,25165824
rosko,75,90.000000,8192,8192,8192,row-pattern,1.775654,15,1.100000,27682408
rosko,75,90.000000,8192,8192,8192,row-pattern,1.712388,15,1.250000,31457280
rosko,75,90.000000,8192,8192,8192,row-pattern,1.704472,15,1.500000,37748736
rosko,75,90.000000,8192,8192,8192,row-pattern,1.682716,15,1.750000,44040192
rosko,75,90.000000,8192,8192,8192,row-pattern,1.723876,15,2.000000,50331648
rosko,75,90.000000,8192,8192,8192,column-pattern,2.404873,15,0.100000,2516583
rosko,75,90.000000,8192,8192,8192,column-pattern,1.389137,15,0.175000,4404019
rosko,75,90.000000,8192,8192,8192,column-pattern,1.410853,15,0.250000,6291456
rosko,75,90.000000,8192,8192,8192,column-pattern,1.382283,15,0.500000,12582912
rosko,75,90.000000,8192,8192,8192,column-pattern,1.243462,15,0.750000,18874368
rosko,75,90.000000,8192,8192,8192,column-pattern,1.181163,15,1.000000,25165824
rosko,75,90.000000,8192,8192,8192,column-pattern,1.168093,15,1.100000,27682408
rosko,75,90.000000,8192,8192,8192,column-pattern,1.131065,15,1.250000,31457280
rosko,75,90.000000,8192,8192,8192,column-pattern,1.127755,15,1.500000,37748736
rosko,75,90.000000,8192,8192,8192,column-pattern,1.098150,15,1.750000,44040192
rosko,75,90.000000,8192,8192,8192,column-pattern,1.096001,15,2.000000,50331648
rosko,100,90.000000,8192,8192,8192,random-uniform,3.104218,15,0.100000,2516583
rosko,100,90.000000,8192,8192,8192,random-uniform,3.078535,15,0.175000,4404019
rosko,100,90.000000,8192,8192,8192,random-uniform,2.610293,15,0.250000,6291456
rosko,100,90.000000,8192,8192,8192,random-uniform,2.601667,15,0.500000,12582912
rosko,100,90.000000,8192,8192,8192,random-uniform,2.136693,15,0.750000,18874368
rosko,100,90.000000,8192,8192,8192,random-uniform,1.979216,15,1.000000,25165824
rosko,100,90.000000,8192,8192,8192,random-uniform,1.951837,15,1.100000,27682408
rosko,100,90.000000,8192,8192,8192,random-uniform,1.964568,15,1.250000,31457280
rosko,100,90.000000,8192,8192,8192,random-uniform,1.669425,15,1.500000,37748736
rosko,100,90.000000,8192,8192,8192,random-uniform,1.670658,15,1.750000,44040192
rosko,100,90.000000,8192,8192,8192,random-uniform,1.675291,15,2.000000,50331648
rosko,100,90.000000,8192,8192,8192,diagonal,1.920774,15,0.100000,2516583
rosko,100,90.000000,8192,8192,8192,diagonal,1.929679,15,0.175000,4404019
rosko,100,90.000000,8192,8192,8192,diagonal,1.069546,15,0.250000,6291456
rosko,100,90.000000,8192,8192,8192,diagonal,1.064580,15,0.500000,12582912
rosko,100,90.000000,8192,8192,8192,diagonal,1.033662,15,0.750000,18874368
rosko,100,90.000000,8192,8192,8192,diagonal,0.946253,15,1.000000,25165824
rosko,100,90.000000,8192,8192,8192,diagonal,0.939007,15,1.100000,27682408
rosko,100,90.000000,8192,8192,8192,diagonal,0.944273,15,1.250000,31457280
rosko,100,90.000000,8192,8192,8192,diagonal,0.941486,15,1.500000,37748736
rosko,100,90.000000,8192,8192,8192,diagonal,0.908555,15,1.750000,44040192
rosko,100,90.000000,8192,8192,8192,diagonal,0.912770,15,2.000000,50331648
rosko,100,90.000000,8192,8192,8192,row-pattern,2.749217,15,0.100000,2516583
rosko,100,90.000000,8192,8192,8192,row-pattern,2.759477,15,0.175000,4404019
rosko,100,90.000000,8192,8192,8192,row-pattern,2.047888,15,0.250000,6291456
rosko,100,90.000000,8192,8192,8192,row-pattern,2.081568,15,0.500000,12582912
rosko,100,90.000000,8192,8192,8192,row-pattern,1.979290,15,0.750000,18874368
rosko,100,90.000000,8192,8192,8192,row-pattern,1.818188,15,1.000000,25165824
rosko,100,90.000000,8192,8192,8192,row-pattern,1.870038,15,1.100000,27682408
rosko,100,90.000000,8192,8192,8192,row-pattern,1.871664,15,1.250000,31457280
rosko,100,90.000000,8192,8192,8192,row-pattern,1.767993,15,1.500000,37748736
rosko,100,90.000000,8192,8192,8192,row-pattern,1.866588,15,1.750000,44040192
rosko,100,90.000000,8192,8192,8192,row-pattern,1.825893,15,2.000000,50331648
rosko,100,90.000000,8192,8192,8192,column-pattern,2.184664,15,0.100000,2516583
rosko,100,90.000000,8192,8192,8192,column-pattern,2.149395,15,0.175000,4404019
rosko,100,90.000000,8192,8192,8192,column-pattern,1.489420,15,0.250000,6291456
rosko,100,90.000000,8192,8192,8192,column-pattern,1.480911,15,0.500000,12582912
rosko,100,90.000000,8192,8192,8192,column-pattern,1.395760,15,0.750000,18874368
rosko,100,90.000000,8192,8192,8192,column-pattern,1.276743,15,1.000000,25165824
rosko,100,90.000000,8192,8192,8192,column-pattern,1.251139,15,1.100000,27682408
rosko,100,90.000000,8192,8192,8192,column-pattern,1.270315,15,1.250000,31457280
rosko,100,90.000000,8192,8192,8192,column-pattern,1.160655,15,1.500000,37748736
rosko,100,90.000000,8192,8192,8192,column-pattern,1.157287,15,1.750000,44040192
rosko,100,90.000000,8192,8192,8192,column-pattern,1.155181,15,2.000000,50331648
rosko,125,90.000000,8192,8192,8192,random-uniform,3.247580,15,0.100000,2516583
rosko,125,90.000000,8192,8192,8192,random-uniform,3.250918,15,0.175000,4404019
rosko,125,90.000000,8192,8192,8192,random-uniform,3.241929,15,0.250000,6291456
rosko,125,90.000000,8192,8192,8192,random-uniform,2.690114,15,0.500000,12582912
rosko,125,90.000000,8192,8192,8192,random-uniform,2.678243,15,0.750000,18874368
rosko,125,90.000000,8192,8192,8192,random-uniform,2.166288,15,1.000000,25165824
rosko,125,90.000000,8192,8192,8192,random-uniform,2.158308,15,1.100000,27682408
rosko,125,90.000000,8192,8192,8192,random-uniform,2.158925,15,1.250000,31457280
rosko,125,90.000000,8192,8192,8192,random-uniform,1.912730,15,1.500000,37748736
rosko,125,90.000000,8192,8192,8192,random-uniform,1.947593,15,1.750000,44040192
rosko,125,90.000000,8192,8192,8192,random-uniform,1.938727,15,2.000000,50331648
rosko,125,90.000000,8192,8192,8192,diagonal,1.771035,15,0.100000,2516583
rosko,125,90.000000,8192,8192,8192,diagonal,1.774722,15,0.175000,4404019
rosko,125,90.000000,8192,8192,8192,diagonal,1.790064,15,0.250000,6291456
rosko,125,90.000000,8192,8192,8192,diagonal,1.038872,15,0.500000,12582912
rosko,125,90.000000,8192,8192,8192,diagonal,1.044627,15,0.750000,18874368
rosko,125,90.000000,8192,8192,8192,diagonal,0.941996,15,1.000000,25165824
rosko,125,90.000000,8192,8192,8192,diagonal,0.953770,15,1.100000,27682408
rosko,125,90.000000,8192,8192,8192,diagonal,0.950035,15,1.250000,31457280
rosko,125,90.000000,8192,8192,8192,diagonal,0.923201,15,1.500000,37748736
rosko,125,90.000000,8192,8192,8192,diagonal,0.920046,15,1.750000,44040192
rosko,125,90.000000,8192,8192,8192,diagonal,0.922609,15,2.000000,50331648
rosko,125,90.000000,8192,8192,8192,row-pattern,2.613874,15,0.100000,2516583
rosko,125,90.000000,8192,8192,8192,row-pattern,2.638374,15,0.175000,4404019
rosko,125,90.000000,8192,8192,8192,row-pattern,2.616224,15,0.250000,6291456
rosko,125,90.000000,8192,8192,8192,row-pattern,2.084341,15,0.500000,12582912
rosko,125,90.000000,8192,8192,8192,row-pattern,2.137488,15,0.750000,18874368
rosko,125,90.000000,8192,8192,8192,row-pattern,1.980696,15,1.000000,25165824
rosko,125,90.000000,8192,8192,8192,row-pattern,1.961025,15,1.100000,27682408
rosko,125,90.000000,8192,8192,8192,row-pattern,1.950705,15,1.250000,31457280
rosko,125,90.000000,8192,8192,8192,row-pattern,1.864816,15,1.500000,37748736
rosko,125,90.000000,8192,8192,8192,row-pattern,1.928149,15,1.750000,44040192
rosko,125,90.000000,8192,8192,8192,row-pattern,1.914251,15,2.000000,50331648
rosko,125,90.000000,8192,8192,8192,column-pattern,1.991143,15,0.100000,2516583
rosko,125,90.000000,8192,8192,8192,column-pattern,1.988510,15,0.175000,4404019
rosko,125,90.000000,8192,8192,8192,column-pattern,1.976615,15,0.250000,6291456
rosko,125,90.000000,8192,8192,8192,column-pattern,1.639582,15,0.500000,12582912
rosko,125,90.000000,8192,8192,8192,column-pattern,1.599750,15,0.750000,18874368
rosko,125,90.000000,8192,8192,8192,column-pattern,1.386471,15,1.000000,25165824
rosko,125,90.000000,8192,8192,8192,column-pattern,1.377086,15,1.100000,27682408
rosko,125,90.000000,8192,8192,8192,column-pattern,1.389185,15,1.250000,31457280
rosko,125,90.000000,8192,8192,8192,column-pattern,1.248590,15,1.500000,37748736
rosko,125,90.000000,8192,8192,8192,column-pattern,1.240820,15,1.750000,44040192
rosko,125,90.000000,8192,8192,8192,column-pattern,1.242819,15,2.000000,50331648
rosko,150,90.000000,8192,8192,8192,random-uniform,3.785695,15,0.175000,4404019
rosko,150,90.000000,8192,8192,8192,random-uniform,3.791762,15,0.250000,6291456
rosko,150,90.000000,8192,8192,8192,random-uniform,3.773895,15,0.500000,12582912
rosko,150,90.000000,8192,8192,8192,random-uniform,2.620537,15,0.750000,18874368
rosko,150,90.000000,8192,8192,8192,random-uniform,2.613196,15,1.000000,25165824
rosko,150,90.000000,8192,8192,8192,random-uniform,2.606481,15,1.100000,27682408
rosko,150,90.000000,8192,8192,8192,random-uniform,2.158921,15,1.250000,31457280
rosko,150,90.000000,8192,8192,8192,random-uniform,2.163710,15,1.500000,37748736
rosko,150,90.000000,8192,8192,8192,random-uniform,2.159141,15,1.750000,44040192
rosko,150,90.000000,8192,8192,8192,random-uniform,2.161947,15,2.000000,50331648
rosko,150,90.000000,8192,8192,8192,diagonal,1.649949,15,0.175000,4404019
rosko,150,90.000000,8192,8192,8192,diagonal,1.647981,15,0.250000,6291456
rosko,150,90.000000,8192,8192,8192,diagonal,1.661247,15,0.500000,12582912
rosko,150,90.000000,8192,8192,8192,diagonal,1.022346,15,0.750000,18874368
rosko,150,90.000000,8192,8192,8192,diagonal,1.019580,15,1.000000,25165824
rosko,150,90.000000,8192,8192,8192,diagonal,1.020002,15,1.100000,27682408
rosko,150,90.000000,8192,8192,8192,diagonal,0.952778,15,1.250000,31457280
rosko,150,90.000000,8192,8192,8192,diagonal,0.947565,15,1.500000,37748736
rosko,150,90.000000,8192,8192,8192,diagonal,0.946412,15,1.750000,44040192
rosko,150,90.000000,8192,8192,8192,diagonal,0.950234,15,2.000000,50331648
rosko,150,90.000000,8192,8192,8192,row-pattern,2.525320,15,0.175000,4404019
rosko,150,90.000000,8192,8192,8192,row-pattern,2.562239,15,0.250000,6291456
rosko,150,90.000000,8192,8192,8192,row-pattern,2.629573,15,0.500000,12582912
rosko,150,90.000000,8192,8192,8192,row-pattern,2.080965,15,0.750000,18874368
rosko,150,90.000000,8192,8192,8192,row-pattern,2.049752,15,1.000000,25165824
rosko,150,90.000000,8192,8192,8192,row-pattern,2.020323,15,1.100000,27682408
rosko,150,90.000000,8192,8192,8192,row-pattern,1.941141,15,1.250000,31457280
rosko,150,90.000000,8192,8192,8192,row-pattern,1.923506,15,1.500000,37748736
rosko,150,90.000000,8192,8192,8192,row-pattern,1.936778,15,1.750000,44040192
rosko,150,90.000000,8192,8192,8192,row-pattern,1.908953,15,2.000000,50331648
rosko,150,90.000000,8192,8192,8192,column-pattern,1.934853,15,0.175000,4404019
rosko,150,90.000000,8192,8192,8192,column-pattern,1.980662,15,0.250000,6291456
rosko,150,90.000000,8192,8192,8192,column-pattern,1.983167,15,0.500000,12582912
rosko,150,90.000000,8192,8192,8192,column-pattern,1.613925,15,0.750000,18874368
rosko,150,90.000000,8192,8192,8192,column-pattern,1.615564,15,1.000000,25165824
rosko,150,90.000000,8192,8192,8192,column-pattern,1.612327,15,1.100000,27682408
rosko,150,90.000000,8192,8192,8192,column-pattern,1.393339,15,1.250000,31457280
rosko,150,90.000000,8192,8192,8192,column-pattern,1.394977,15,1.500000,37748736
rosko,150,90.000000,8192,8192,8192,column-pattern,1.400685,15,1.750000,44040192
rosko,150,90.000000,8192,8192,8192,column-pattern,1.398588,15,2.000000,50331648
rosko,175,90.000000,8192,8192,8192,random-uniform,3.981516,15,0.250000,6291456
rosko,175,90.000000,8192,8192,8192,random-uniform,3.989375,15,0.500000,12582912
rosko,175,90.000000,8192,8192,8192,random-uniform,2.587111,15,0.750000,18874368
rosko,175,90.000000,8192,8192,8192,random-uniform,2.594803,15,1.000000,25165824
rosko,175,90.000000,8192,8192,8192,random-uniform,2.586878,15,1.100000,27682408
rosko,175,90.000000,8192,8192,8192,random-uniform,2.602989,15,1.250000,31457280
rosko,175,90.000000,8192,8192,8192,random-uniform,2.598545,15,1.500000,37748736
rosko,175,90.000000,8192,8192,8192,random-uniform,2.217863,15,1.750000,44040192
rosko,175,90.000000,8192,8192,8192,random-uniform,2.212956,15,2.000000,50331648
rosko,175,90.000000,8192,8192,8192,diagonal,1.451778,15,0.250000,6291456
rosko,175,90.000000,8192,8192,8192,diagonal,1.440206,15,0.500000,12582912
rosko,175,90.000000,8192,8192,8192,diagonal,0.977567,15,0.750000,18874368
rosko,175,90.000000,8192,8192,8192,diagonal,0.974160,15,1.000000,25165824
rosko,175,90.000000,8192,8192,8192,diagonal,0.971085,15,1.100000,27682408
rosko,175,90.000000,8192,8192,8192,diagonal,0.971373,15,1.250000,31457280
rosko,175,90.000000,8192,8192,8192,diagonal,0.973647,15,1.500000,37748736
rosko,175,90.000000,8192,8192,8192,diagonal,0.928092,15,1.750000,44040192
rosko,175,90.000000,8192,8192,8192,diagonal,0.922874,15,2.000000,50331648
rosko,175,90.000000,8192,8192,8192,row-pattern,2.465798,15,0.250000,6291456
rosko,175,90.000000,8192,8192,8192,row-pattern,2.462250,15,0.500000,12582912
rosko,175,90.000000,8192,8192,8192,row-pattern,2.018778,15,0.750000,18874368
rosko,175,90.000000,8192,8192,8192,row-pattern,2.043208,15,1.000000,25165824
rosko,175,90.000000,8192,8192,8192,row-pattern,1.996868,15,1.100000,27682408
rosko,175,90.000000,8192,8192,8192,row-pattern,2.037300,15,1.250000,31457280
rosko,175,90.000000,8192,8192,8192,row-pattern,2.033468,15,1.500000,37748736
rosko,175,90.000000,8192,8192,8192,row-pattern,1.916684,15,1.750000,44040192
rosko,175,90.000000,8192,8192,8192,row-pattern,1.925750,15,2.000000,50331648
rosko,175,90.000000,8192,8192,8192,column-pattern,1.909584,15,0.250000,6291456
rosko,175,90.000000,8192,8192,8192,column-pattern,1.968907,15,0.500000,12582912
rosko,175,90.000000,8192,8192,8192,column-pattern,1.598369,15,0.750000,18874368
rosko,175,90.000000,8192,8192,8192,column-pattern,1.606273,15,1.000000,25165824
rosko,175,90.000000,8192,8192,8192,column-pattern,1.610936,15,1.100000,27682408
rosko,175,90.000000,8192,8192,8192,column-pattern,1.611097,15,1.250000,31457280
rosko,175,90.000000,8192,8192,8192,column-pattern,1.616304,15,1.500000,37748736
rosko,175,90.000000,8192,8192,8192,column-pattern,1.381126,15,1.750000,44040192
rosko,175,90.000000,8192,8192,8192,column-pattern,1.388398,15,2.000000,50331648
rosko,200,90.000000,8192,8192,8192,random-uniform,4.117248,15,0.250000,6291456
rosko,200,90.000000,8192,8192,8192,random-uniform,4.113345,15,0.500000,12582912
rosko,200,90.000000,8192,8192,8192,random-uniform,4.135772,15,0.750000,18874368
rosko,200,90.000000,8192,8192,8192,random-uniform,2.788563,15,1.000000,25165824
rosko,200,90.000000,8192,8192,8192,random-uniform,2.798396,15,1.100000,27682408
rosko,200,90.000000,8192,8192,8192,random-uniform,2.777617,15,1.250000,31457280
rosko,200,90.000000,8192,8192,8192,random-uniform,2.788304,15,1.500000,37748736
rosko,200,90.000000,8192,8192,8192,random-uniform,2.810274,15,1.750000,44040192
rosko,200,90.000000,8192,8192,8192,random-uniform,2.786736,15,2.000000,50331648
rosko,200,90.000000,8192,8192,8192,diagonal,1.349666,15,0.250000,6291456
rosko,200,90.000000,8192,8192,8192,diagonal,1.348919,15,0.500000,12582912
rosko,200,90.000000,8192,8192,8192,diagonal,1.352955,15,0.750000,18874368
rosko,200,90.000000,8192,8192,8192,diagonal,0.987306,15,1.000000,25165824
rosko,200,90.000000,8192,8192,8192,diagonal,0.984114,15,1.100000,27682408
rosko,200,90.000000,8192,8192,8192,diagonal,0.984796,15,1.250000,31457280
rosko,200,90.000000,8192,8192,8192,diagonal,0.984027,15,1.500000,37748736
rosko,200,90.000000,8192,8192,8192,diagonal,0.981798,15,1.750000,44040192
rosko,200,90.000000,8192,8192,8192,diagonal,0.997220,15,2.000000,50331648
rosko,200,90.000000,8192,8192,8192,row-pattern,2.433801,15,0.250000,6291456
rosko,200,90.000000,8192,8192,8192,row-pattern,2.441603,15,0.500000,12582912
rosko,200,90.000000,8192,8192,8192,row-pattern,2.478129,15,0.750000,18874368
rosko,200,90.000000,8192,8192,8192,row-pattern,2.089508,15,1.000000,25165824
rosko,200,90.000000,8192,8192,8192,row-pattern,2.046285,15,1.100000,27682408
rosko,200,90.000000,8192,8192,8192,row-pattern,2.037104,15,1.250000,31457280
rosko,200,90.000000,8192,8192,8192,row-pattern,2.038689,15,1.500000,37748736
rosko,200,90.000000,8192,8192,8192,row-pattern,2.033587,15,1.750000,44040192
rosko,200,90.000000,8192,8192,8192,row-pattern,1.984754,15,2.000000,50331648
rosko,200,90.000000,8192,8192,8192,column-pattern,2.018653,15,0.250000,6291456
rosko,200,90.000000,8192,8192,8192,column-pattern,2.023715,15,0.500000,12582912
rosko,200,90.000000,8192,8192,8192,column-pattern,2.024675,15,0.750000,18874368
rosko,200,90.000000,8192,8192,8192,column-pattern,1.630661,15,1.000000,25165824
rosko,200,90.000000,8192,8192,8192,column-pattern,1.640894,15,1.100000,27682408
rosko,200,90.000000,8192,8192,8192,column-pattern,1.632693,15,1.250000,31457280
rosko,200,90.000000,8192,8192,8192,column-pattern,1.637794,15,1.500000,37748736
rosko,200,90.000000,8192,8192,8192,column-pattern,1.650099,15,1.750000,44040192
rosko,200,90.000000,8192,8192,8192,column-pattern,1.635590,15,2.000000,50331648
rosko,300,90.000000,8192,8192,8192,random-uniform,4.072866,15,0.750000,18874368
rosko,300,90.000000,8192,8192,8192,random-uniform,4.076665,15,1.000000,25165824
rosko,300,90.000000,8192,8192,8192,random-uniform,4.073673,15,1.100000,27682408
rosko,300,90.000000,8192,8192,8192,random-uniform,4.078950,15,1.250000,31457280
rosko,300,90.000000,8192,8192,8192,random-uniform,4.083889,15,1.500000,37748736
rosko,300,90.000000,8192,8192,8192,random-uniform,4.074300,15,1.750000,44040192
rosko,300,90.000000,8192,8192,8192,random-uniform,4.194161,15,2.000000,50331648
rosko,300,90.000000,8192,8192,8192,diagonal,1.129988,15,0.750000,18874368
rosko,300,90.000000,8192,8192,8192,diagonal,1.127141,15,1.000000,25165824
rosko,300,90.000000,8192,8192,8192,diagonal,1.122456,15,1.100000,27682408
rosko,300,90.000000,8192,8192,8192,diagonal,1.122692,15,1.250000,31457280
rosko,300,90.000000,8192,8192,8192,diagonal,1.130057,15,1.500000,37748736
rosko,300,90.000000,8192,8192,8192,diagonal,1.117102,15,1.750000,44040192
rosko,300,90.000000,8192,8192,8192,diagonal,1.130342,15,2.000000,50331648
rosko,300,90.000000,8192,8192,8192,row-pattern,2.373923,15,0.750000,18874368
rosko,300,90.000000,8192,8192,8192,row-pattern,2.343046,15,1.000000,25165824
rosko,300,90.000000,8192,8192,8192,row-pattern,2.357575,15,1.100000,27682408
rosko,300,90.000000,8192,8192,8192,row-pattern,2.370861,15,1.250000,31457280
rosko,300,90.000000,8192,8192,8192,row-pattern,2.335939,15,1.500000,37748736
rosko,300,90.000000,8192,8192,8192,row-pattern,2.406821,15,1.750000,44040192
rosko,300,90.000000,8192,8192,8192,row-pattern,2.414521,15,2.000000,50331648
rosko,300,90.000000,8192,8192,8192,column-pattern,2.289074,15,0.750000,18874368
rosko,300,90.000000,8192,8192,8192,column-pattern,2.287303,15,1.000000,25165824
rosko,300,90.000000,8192,8192,8192,column-pattern,2.273008,15,1.100000,27682408
rosko,300,90.000000,8192,8192,8192,column-pattern,2.296440,15,1.250000,31457280
rosko,300,90.000000,8192,8192,8192,column-pattern,2.337833,15,1.500000,37748736
rosko,300,90.000000,8192,8192,8192,column-pattern,2.294618,15,1.750000,44040192
rosko,300,90.000000,8192,8192,8192,column-pattern,2.318432,15,2.000000,50331648
