algo,p,sp,M,K,N,sppattern,rosko-time,ntrials,L3_factor,L3_size
rosko,6,60.000000,8192,8192,8192,random-uniform,6.848759,15,0.100000,2516583
rosko,6,60.000000,8192,8192,8192,random-uniform,7.236222,15,0.175000,4404019
rosko,6,60.000000,8192,8192,8192,random-uniform,7.355794,15,0.250000,6291456
rosko,6,60.000000,8192,8192,8192,random-uniform,7.506802,15,0.500000,12582912
rosko,6,60.000000,8192,8192,8192,random-uniform,7.544674,15,0.750000,18874368
rosko,6,60.000000,8192,8192,8192,random-uniform,7.640656,15,1.000000,25165824
rosko,6,60.000000,8192,8192,8192,random-uniform,7.635933,15,1.100000,27682408
rosko,6,60.000000,8192,8192,8192,random-uniform,7.634693,15,1.250000,31457280
rosko,6,60.000000,8192,8192,8192,random-uniform,7.578357,15,1.500000,37748736
rosko,6,60.000000,8192,8192,8192,random-uniform,7.699747,15,1.750000,44040192
rosko,6,60.000000,8192,8192,8192,random-uniform,7.731668,15,2.000000,50331648
rosko,6,60.000000,8192,8192,8192,diagonal,3.017849,15,0.100000,2516583
rosko,6,60.000000,8192,8192,8192,diagonal,3.010752,15,0.175000,4404019
rosko,6,60.000000,8192,8192,8192,diagonal,3.006933,15,0.250000,6291456
rosko,6,60.000000,8192,8192,8192,diagonal,3.025028,15,0.500000,12582912
rosko,6,60.000000,8192,8192,8192,diagonal,3.053455,15,0.750000,18874368
rosko,6,60.000000,8192,8192,8192,diagonal,3.131410,15,1.000000,25165824
rosko,6,60.000000,8192,8192,8192,diagonal,3.082197,15,1.100000,27682408
rosko,6,60.000000,8192,8192,8192,diagonal,3.062634,15,1.250000,31457280
rosko,6,60.000000,8192,8192,8192,diagonal,3.088016,15,1.500000,37748736
rosko,6,60.000000,8192,8192,8192,diagonal,3.129018,15,1.750000,44040192
rosko,6,60.000000,8192,8192,8192,diagonal,3.275685,15,2.000000,50331648
rosko,6,60.000000,8192,8192,8192,row-pattern,4.059491,15,0.100000,2516583
rosko,6,60.000000,8192,8192,8192,row-pattern,3.994908,15,0.175000,4404019
rosko,6,60.000000,8192,8192,8192,row-pattern,4.040182,15,0.250000,6291456
rosko,6,60.000000,8192,8192,8192,row-pattern,3.964836,15,0.500000,12582912
rosko,6,60.000000,8192,8192,8192,row-pattern,3.895970,15,0.750000,18874368
rosko,6,60.000000,8192,8192,8192,row-pattern,3.765842,15,1.000000,25165824
rosko,6,60.000000,8192,8192,8192,row-pattern,3.878771,15,1.100000,27682408
rosko,6,60.000000,8192,8192,8192,row-pattern,3.903252,15,1.250000,31457280
rosko,6,60.000000,8192,8192,8192,row-pattern,3.879602,15,1.500000,37748736
rosko,6,60.000000,8192,8192,8192,row-pattern,3.827970,15,1.750000,44040192
rosko,6,60.000000,8192,8192,8192,row-pattern,3.820411,15,2.000000,50331648
rosko,6,60.000000,8192,8192,8192,column-pattern,3.298546,15,0.100000,2516583
rosko,6,60.000000,8192,8192,8192,column-pattern,3.265025,15,0.175000,4404019
rosko,6,60.000000,8192,8192,8192,column-pattern,3.228780,15,0.250000,6291456
rosko,6,60.000000,8192,8192,8192,column-pattern,3.193036,15,0.500000,12582912
rosko,6,60.000000,8192,8192,8192,column-pattern,3.180563,15,0.750000,18874368
rosko,6,60.000000,8192,8192,8192,column-pattern,3.173899,15,1.000000,25165824
rosko,6,60.000000,8192,8192,8192,column-pattern,3.176737,15,1.100000,27682408
rosko,6,60.000000,8192,8192,8192,column-pattern,3.172071,15,1.250000,31457280
rosko,6,60.000000,8192,8192,8192,column-pattern,3.177637,15,1.500000,37748736
rosko,6,60.000000,8192,8192,8192,column-pattern,3.172284,15,1.750000,44040192
rosko,6,60.000000,8192,8192,8192,column-pattern,3.179098,15,2.000000,50331648
rosko,6,70.000000,8192,8192,8192,random-uniform,5.278043,15,0.100000,2516583
rosko,6,70.000000,8192,8192,8192,random-uniform,5.804608,15,0.175000,4404019
rosko,6,70.000000,8192,8192,8192,random-uniform,6.026705,15,0.250000,6291456
rosko,6,70.000000,8192,8192,8192,random-uniform,6.268215,15,0.500000,12582912
rosko,6,70.000000,8192,8192,8192,random-uniform,6.346284,15,0.750000,18874368
rosko,6,70.000000,8192,8192,8192,random-uniform,6.489241,15,1.000000,25165824
rosko,6,70.000000,8192,8192,8192,random-uniform,6.486287,15,1.100000,27682408
rosko,6,70.000000,8192,8192,8192,random-uniform,6.431108,15,1.250000,31457280
rosko,6,70.000000,8192,8192,8192,random-uniform,6.526905,15,1.500000,37748736
rosko,6,70.000000,8192,8192,8192,random-uniform,6.570593,15,1.750000,44040192
rosko,6,70.000000,8192,8192,8192,random-uniform,6.558694,15,2.000000,50331648
rosko,6,70.000000,8192,8192,8192,diagonal,2.385781,15,0.100000,2516583
rosko,6,70.000000,8192,8192,8192,diagonal,2.370476,15,0.175000,4404019
rosko,6,70.000000,8192,8192,8192,diagonal,2.359013,15,0.250000,6291456
rosko,6,70.000000,8192,8192,8192,diagonal,2.367999,15,0.500000,12582912
rosko,6,70.000000,8192,8192,8192,diagonal,2.364116,15,0.750000,18874368
rosko,6,70.000000,8192,8192,8192,diagonal,2.402128,15,1.000000,25165824
rosko,6,70.000000,8192,8192,8192,diagonal,2.406117,15,1.100000,27682408
rosko,6,70.000000,8192,8192,8192,diagonal,2.367847,15,1.250000,31457280
rosko,6,70.000000,8192,8192,8192,diagonal,2.390068,15,1.500000,37748736
rosko,6,70.000000,8192,8192,8192,diagonal,2.406899,15,1.750000,44040192
rosko,6,70.000000,8192,8192,8192,diagonal,2.407700,15,2.000000,50331648
rosko,6,70.000000,8192,8192,8192,row-pattern,3.450572,15,0.100000,2516583
rosko,6,70.000000,8192,8192,8192,row-pattern,3.393369,15,0.175000,4404019
rosko,6,70.000000,8192,8192,8192,row-pattern,3.364597,15,0.250000,6291456
rosko,6,70.000000,8192,8192,8192,row-pattern,3.264081,15,0.500000,12582912
rosko,6,70.000000,8192,8192,8192,row-pattern,3.355714,15,0.750000,18874368
rosko,6,70.000000,8192,8192,8192,row-pattern,3.245322,15,1.000000,25165824
rosko,6,70.000000,8192,8192,8192,row-pattern,3.227581,15,1.100000,27682408
rosko,6,70.000000,8192,8192,8192,row-pattern,3.317809,15,1.250000,31457280
rosko,6,70.000000,8192,8192,8192,row-pattern,3.344315,15,1.500000,37748736
rosko,6,70.000000,8192,8192,8192,row-pattern,3.288776,15,1.750000,44040192
rosko,6,70.000000,8192,8192,8192,row-pattern,3.261804,15,2.000000,50331648
rosko,6,70.000000,8192,8192,8192,column-pattern,2.541298,15,0.100000,2516583
rosko,6,70.000000,8192,8192,8192,column-pattern,2.512548,15,0.175000,4404019
rosko,6,70.000000,8192,8192,8192,column-pattern,2.466763,15,0.250000,6291456
rosko,6,70.000000,8192,8192,8192,column-pattern,2.433322,15,0.500000,12582912
rosko,6,70.000000,8192,8192,8192,column-pattern,2.436215,15,0.750000,18874368
rosko,6,70.000000,8192,8192,8192,column-pattern,2.427119,15,1.000000,25165824
rosko,6,70.000000,8192,8192,8192,column-pattern,2.423292,15,1.100000,27682408
rosko,6,70.000000,8192,8192,8192,column-pattern,2.419503,15,1.250000,31457280
rosko,6,70.000000,8192,8192,8192,column-pattern,2.445903,15,1.500000,37748736
rosko,6,70.000000,8192,8192,8192,column-pattern,2.422073,15,1.750000,44040192
rosko,6,70.000000,8192,8192,8192,column-pattern,2.416779,15,2.000000,50331648
rosko,6,80.000000,8192,8192,8192,random-uniform,3.724792,15,0.100000,2516583
rosko,6,80.000000,8192,8192,8192,random-uniform,3.867508,15,0.175000,4404019
rosko,6,80.000000,8192,8192,8192,random-uniform,3.889919,15,0.250000,6291456
rosko,6,80.000000,8192,8192,8192,random-uniform,4.313135,15,0.500000,12582912
rosko,6,80.000000,8192,8192,8192,random-uniform,4.425205,15,0.750000,18874368
rosko,6,80.000000,8192,8192,8192,random-uniform,4.497387,15,1.000000,25165824
rosko,6,80.000000,8192,8192,8192,random-uniform,4.463422,15,1.100000,27682408
rosko,6,80.000000,8192,8192,8192,random-uniform,4.494470,15,1.250000,31457280
rosko,6,80.000000,8192,8192,8192,random-uniform,4.583909,15,1.500000,37748736
rosko,6,80.000000,8192,8192,8192,random-uniform,4.591078,15,1.750000,44040192
rosko,6,80.000000,8192,8192,8192,random-uniform,4.607370,15,2.000000,50331648
rosko,6,80.000000,8192,8192,8192,diagonal,1.672006,15,0.100000,2516583
rosko,6,80.000000,8192,8192,8192,diagonal,1.667768,15,0.175000,4404019
rosko,6,80.000000,8192,8192,8192,diagonal,1.648828,15,0.250000,6291456
rosko,6,80.000000,8192,8192,8192,diagonal,1.637285,15,0.500000,12582912
rosko,6,80.000000,8192,8192,8192,diagonal,1.637489,15,0.750000,18874368
rosko,6,80.000000,8192,8192,8192,diagonal,1.650944,15,1.000000,25165824
rosko,6,80.000000,8192,8192,8192,diagonal,1.648717,15,1.100000,27682408
rosko,6,80.000000,8192,8192,8192,diagonal,1.647750,15,1.250000,31457280
rosko,6,80.000000,8192,8192,8192,diagonal,1.645605,15,1.500000,37748736
rosko,6,80.000000,8192,8192,8192,diagonal,1.666178,15,1.750000,44040192
rosko,6,80.000000,8192,8192,8192,diagonal,1.655447,15,2.000000,50331648
rosko,6,80.000000,8192,8192,8192,row-pattern,2.853593,15,0.100000,2516583
rosko,6,80.000000,8192,8192,8192,row-pattern,2.793786,15,0.175000,4404019
rosko,6,80.000000,8192,8192,8192,row-pattern,2.696278,15,0.250000,6291456
rosko,6,80.000000,8192,8192,8192,row-pattern,2.643189,15,0.500000,12582912
rosko,6,80.000000,8192,8192,8192,row-pattern,2.632369,15,0.750000,18874368
rosko,6,80.000000,8192,8192,8192,row-pattern,2.643382,15,1.000000,25165824
rosko,6,80.000000,8192,8192,8192,row-pattern,2.637993,15,1.100000,27682408
rosko,6,80.000000,8192,8192,8192,row-pattern,2.688466,15,1.250000,31457280
rosko,6,80.000000,8192,8192,8192,row-pattern,2.568788,15,1.500000,37748736
rosko,6,80.000000,8192,8192,8192,row-pattern,2.632295,15,1.750000,44040192
rosko,6,80.000000,8192,8192,8192,row-pattern,2.535036,15,2.000000,50331648
rosko,6,80.000000,8192,8192,8192,column-pattern,1.754939,15,0.100000,2516583
rosko,6,80.000000,8192,8192,8192,column-pattern,1.721977,15,0.175000,4404019
rosko,6,80.000000,8192,8192,8192,column-pattern,1.702346,15,0.250000,6291456
rosko,6,80.000000,8192,8192,8192,column-pattern,1.691394,15,0.500000,12582912
rosko,6,80.000000,8192,8192,8192,column-pattern,2.547919,15,0.750000,18874368
rosko,6,80.000000,8192,8192,8192,column-pattern,2.424564,15,1.000000,25165824
rosko,6,80.000000,8192,8192,8192,column-pattern,1.693593,15,1.100000,27682408
rosko,6,80.000000,8192,8192,8192,column-pattern,1.664566,15,1.250000,31457280
rosko,6,80.000000,8192,8192,8192,column-pattern,1.659983,15,1.500000,37748736
rosko,6,80.000000,8192,8192,8192,column-pattern,1.671032,15,1.750000,44040192
rosko,6,80.000000,8192,8192,8192,column-pattern,1.670315,15,2.000000,50331648
rosko,6,85.000000,8192,8192,8192,random-uniform,2.614679,15,0.100000,2516583
rosko,6,85.000000,8192,8192,8192,random-uniform,2.649607,15,0.175000,4404019
rosko,6,85.000000,8192,8192,8192,random-uniform,2.706559,15,0.250000,6291456
rosko,6,85.000000,8192,8192,8192,random-uniform,2.780536,15,0.500000,12582912
rosko,6,85.000000,8192,8192,8192,random-uniform,2.920779,15,0.750000,18874368
rosko,6,85.000000,8192,8192,8192,random-uniform,3.010701,15,1.000000,25165824
rosko,6,85.000000,8192,8192,8192,random-uniform,3.018214,15,1.100000,27682408
rosko,6,85.000000,8192,8192,8192,random-uniform,3.046018,15,1.250000,31457280
rosko,6,85.000000,8192,8192,8192,random-uniform,3.101979,15,1.500000,37748736
rosko,6,85.000000,8192,8192,8192,random-uniform,3.107291,15,1.750000,44040192
rosko,6,85.000000,8192,8192,8192,random-uniform,3.078815,15,2.000000,50331648
rosko,6,85.000000,8192,8192,8192,diagonal,1.292718,15,0.100000,2516583
rosko,6,85.000000,8192,8192,8192,diagonal,1.273065,15,0.175000,4404019
rosko,6,85.000000,8192,8192,8192,diagonal,1.264955,15,0.250000,6291456
rosko,6,85.000000,8192,8192,8192,diagonal,1.242528,15,0.500000,12582912
rosko,6,85.000000,8192,8192,8192,diagonal,1.248557,15,0.750000,18874368
rosko,6,85.000000,8192,8192,8192,diagonal,1.263089,15,1.000000,25165824
rosko,6,85.000000,8192,8192,8192,diagonal,1.260596,15,1.100000,27682408
rosko,6,85.000000,8192,8192,8192,diagonal,1.251417,15,1.250000,31457280
rosko,6,85.000000,8192,8192,8192,diagonal,1.263476,15,1.500000,37748736
rosko,6,85.000000,8192,8192,8192,diagonal,1.256244,15,1.750000,44040192
rosko,6,85.000000,8192,8192,8192,diagonal,1.272267,15,2.000000,50331648
rosko,6,85.000000,8192,8192,8192,row-pattern,2.423174,15,0.100000,2516583
rosko,6,85.000000,8192,8192,8192,row-pattern,2.630405,15,0.175000,4404019
rosko,6,85.000000,8192,8192,8192,row-pattern,2.288501,15,0.250000,6291456
rosko,6,85.000000,8192,8192,8192,row-pattern,2.238076,15,0.500000,12582912
rosko,6,85.000000,8192,8192,8192,row-pattern,2.219917,15,0.750000,18874368
rosko,6,85.000000,8192,8192,8192,row-pattern,2.174123,15,1.000000,25165824
rosko,6,85.000000,8192,8192,8192,row-pattern,2.317216,15,1.100000,27682408
rosko,6,85.000000,8192,8192,8192,row-pattern,2.279056,15,1.250000,31457280
rosko,6,85.000000,8192,8192,8192,row-pattern,2.252918,15,1.500000,37748736
rosko,6,85.000000,8192,8192,8192,row-pattern,2.235311,15,1.750000,44040192
rosko,6,85.000000,8192,8192,8192,row-pattern,2.269457,15,2.000000,50331648
rosko,6,85.000000,8192,8192,8192,column-pattern,1.337020,15,0.100000,2516583
rosko,6,85.000000,8192,8192,8192,column-pattern,1.315122,15,0.175000,4404019
rosko,6,85.000000,8192,8192,8192,column-pattern,1.318391,15,0.250000,6291456
rosko,6,85.000000,8192,8192,8192,column-pattern,1.283166,15,0.500000,12582912
rosko,6,85.000000,8192,8192,8192,column-pattern,1.283024,15,0.750000,18874368
rosko,6,85.000000,8192,8192,8192,column-pattern,1.270128,15,1.000000,25165824
rosko,6,85.000000,8192,8192,8192,column-pattern,1.280073,15,1.100000,27682408
rosko,6,85.000000,8192,8192,8192,column-pattern,1.268366,15,1.250000,31457280
rosko,6,85.000000,8192,8192,8192,column-pattern,1.282783,15,1.500000,37748736
rosko,6,85.000000,8192,8192,8192,column-pattern,1.268188,15,1.750000,44040192
rosko,6,85.000000,8192,8192,8192,column-pattern,1.276964,15,2.000000,50331648
rosko,6,90.000000,8192,8192,8192,random-uniform,1.335704,15,0.100000,2516583
rosko,6,90.000000,8192,8192,8192,random-uniform,1.425257,15,0.175000,4404019
rosko,6,90.000000,8192,8192,8192,random-uniform,1.553957,15,0.250000,6291456
rosko,6,90.000000,8192,8192,8192,random-uniform,1.595118,15,0.500000,12582912
rosko,6,90.000000,8192,8192,8192,random-uniform,1.638274,15,0.750000,18874368
rosko,6,90.000000,8192,8192,8192,random-uniform,1.685586,15,1.000000,25165824
rosko,6,90.000000,8192,8192,8192,random-uniform,1.683748,15,1.100000,27682408
rosko,6,90.000000,8192,8192,8192,random-uniform,1.674186,15,1.250000,31457280
rosko,6,90.000000,8192,8192,8192,random-uniform,1.725613,15,1.500000,37748736
rosko,6,90.000000,8192,8192,8192,random-uniform,1.790484,15,1.750000,44040192
rosko,6,90.000000,8192,8192,8192,random-uniform,1.837147,15,2.000000,50331648
rosko,6,90.000000,8192,8192,8192,diagonal,0.919757,15,0.100000,2516583
rosko,6,90.000000,8192,8192,8192,diagonal,0.911025,15,0.175000,4404019
rosko,6,90.000000,8192,8192,8192,diagonal,0.883215,15,0.250000,6291456
rosko,6,90.000000,8192,8192,8192,diagonal,0.867738,15,0.500000,12582912
rosko,6,90.000000,8192,8192,8192,diagonal,0.881135,15,0.750000,18874368
rosko,6,90.000000,8192,8192,8192,diagonal,0.880043,15,1.000000,25165824
rosko,6,90.000000,8192,8192,8192,diagonal,0.920622,15,1.100000,27682408
rosko,6,90.000000,8192,8192,8192,diagonal,0.920826,15,1.250000,31457280
rosko,6,90.000000,8192,8192,8192,diagonal,0.936219,15,1.500000,37748736
rosko,6,90.000000,8192,8192,8192,diagonal,0.936780,15,1.750000,44040192
rosko,6,90.000000,8192,8192,8192,diagonal,0.931872,15,2.000000,50331648
rosko,6,90.000000,8192,8192,8192,row-pattern,1.940982,15,0.100000,2516583
rosko,6,90.000000,8192,8192,8192,row-pattern,1.931570,15,0.175000,4404019
rosko,6,90.000000,8192,8192,8192,row-pattern,1.842856,15,0.250000,6291456
rosko,6,90.000000,8192,8192,8192,row-pattern,1.783205,15,0.500000,12582912
rosko,6,90.000000,8192,8192,8192,row-pattern,1.751419,15,0.750000,18874368
rosko,6,90.000000,8192,8192,8192,row-pattern,1.689650,15,1.000000,25165824
rosko,6,90.000000,8192,8192,8192,row-pattern,1.720965,15,1.100000,27682408
rosko,6,90.000000,8192,8192,8192,row-pattern,1.758025,15,1.250000,31457280
rosko,6,90.000000,8192,8192,8192,row-pattern,1.688717,15,1.500000,37748736
rosko,6,90.000000,8192,8192,8192,row-pattern,1.713407,15,1.750000,44040192
rosko,6,90.000000,8192,8192,8192,row-pattern,1.682910,15,2.000000,50331648
rosko,6,90.000000,8192,8192,8192,column-pattern,0.942514,15,0.100000,2516583
rosko,6,90.000000,8192,8192,8192,column-pattern,0.927383,15,0.175000,4404019
rosko,6,90.000000,8192,8192,8192,column-pattern,0.973120,15,0.250000,6291456
rosko,6,90.000000,8192,8192,8192,column-pattern,0.892770,15,0.500000,12582912
rosko,6,90.000000,8192,8192,8192,column-pattern,0.907654,15,0.750000,18874368
rosko,6,90.000000,8192,8192,8192,column-pattern,0.964469,15,1.000000,25165824
rosko,6,90.000000,8192,8192,8192,column-pattern,0.946671,15,1.100000,27682408
rosko,6,90.000000,8192,8192,8192,column-pattern,0.923621,15,1.250000,31457280
rosko,6,90.000000,8192,8192,8192,column-pattern,0.944901,15,1.500000,37748736
rosko,6,90.000000,8192,8192,8192,column-pattern,0.927033,15,1.750000,44040192
rosko,6,90.000000,8192,8192,8192,column-pattern,0.890081,15,2.000000,50331648
rosko,6,95.000000,8192,8192,8192,random-uniform,0.710495,15,0.100000,2516583
rosko,6,95.000000,8192,8192,8192,random-uniform,0.694386,15,0.175000,4404019
rosko,6,95.000000,8192,8192,8192,random-uniform,0.665164,15,0.250000,6291456
rosko,6,95.000000,8192,8192,8192,random-uniform,0.650404,15,0.500000,12582912
rosko,6,95.000000,8192,8192,8192,random-uniform,0.651440,15,0.750000,18874368
rosko,6,95.000000,8192,8192,8192,random-uniform,0.640220,15,1.000000,25165824
rosko,6,95.000000,8192,8192,8192,random-uniform,0.645392,15,1.100000,27682408
rosko,6,95.000000,8192,8192,8192,random-uniform,0.655841,15,1.250000,31457280
rosko,6,95.000000,8192,8192,8192,random-uniform,0.664795,15,1.500000,37748736
rosko,6,95.000000,8192,8192,8192,random-uniform,0.676046,15,1.750000,44040192
rosko,6,95.000000,8192,8192,8192,random-uniform,0.699898,15,2.000000,50331648
rosko,6,95.000000,8192,8192,8192,diagonal,0.521526,15,0.100000,2516583
rosko,6,95.000000,8192,8192,8192,diagonal,0.523655,15,0.175000,4404019
rosko,6,95.000000,8192,8192,8192,diagonal,0.505395,15,0.250000,6291456
rosko,6,95.000000,8192,8192,8192,diagonal,0.504920,15,0.500000,12582912
rosko,6,95.000000,8192,8192,8192,diagonal,0.499533,15,0.750000,18874368
rosko,6,95.000000,8192,8192,8192,diagonal,0.498274,15,1.000000,25165824
rosko,6,95.000000,8192,8192,8192,diagonal,0.506009,15,1.100000,27682408
rosko,6,95.000000,8192,8192,8192,diagonal,0.503615,15,1.250000,31457280
rosko,6,95.000000,8192,8192,8192,diagonal,0.519361,15,1.500000,37748736
rosko,6,95.000000,8192,8192,8192,diagonal,0.510624,15,1.750000,44040192
rosko,6,95.000000,8192,8192,8192,diagonal,0.528915,15,2.000000,50331648
rosko,6,95.000000,8192,8192,8192,row-pattern,1.332619,15,0.100000,2516583
rosko,6,95.000000,8192,8192,8192,row-pattern,1.243585,15,0.175000,4404019
rosko,6,95.000000,8192,8192,8192,row-pattern,1.304367,15,0.250000,6291456
rosko,6,95.000000,8192,8192,8192,row-pattern,1.182501,15,0.500000,12582912
rosko,6,95.000000,8192,8192,8192,row-pattern,1.152359,15,0.750000,18874368
rosko,6,95.000000,8192,8192,8192,row-pattern,1.057921,15,1.000000,25165824
rosko,6,95.000000,8192,8192,8192,row-pattern,1.100199,15,1.100000,27682408
rosko,6,95.000000,8192,8192,8192,row-pattern,1.131654,15,1.250000,31457280
rosko,6,95.000000,8192,8192,8192,row-pattern,1.065348,15,1.500000,37748736
rosko,6,95.000000,8192,8192,8192,row-pattern,1.039813,15,1.750000,44040192
rosko,6,95.000000,8192,8192,8192,row-pattern,1.029657,15,2.000000,50331648
rosko,6,95.000000,8192,8192,8192,column-pattern,0.532452,15,0.100000,2516583
rosko,6,95.000000,8192,8192,8192,column-pattern,0.507331,15,0.175000,4404019
rosko,6,95.000000,8192,8192,8192,column-pattern,0.532117,15,0.250000,6291456
rosko,6,95.000000,8192,8192,8192,column-pattern,0.503875,15,0.500000,12582912
rosko,6,95.000000,8192,8192,8192,column-pattern,0.505920,15,0.750000,18874368
rosko,6,95.000000,8192,8192,8192,column-pattern,0.508795,15,1.000000,25165824
rosko,6,95.000000,8192,8192,8192,column-pattern,0.505267,15,1.100000,27682408
rosko,6,95.000000,8192,8192,8192,column-pattern,0.511142,15,1.250000,31457280
rosko,6,95.000000,8192,8192,8192,column-pattern,0.507504,15,1.500000,37748736
rosko,6,95.000000,8192,8192,8192,column-pattern,0.517280,15,1.750000,44040192
rosko,6,95.000000,8192,8192,8192,column-pattern,0.532050,15,2.000000,50331648
rosko,6,97.000000,8192,8192,8192,random-uniform,0.516839,15,0.100000,2516583
rosko,6,97.000000,8192,8192,8192,random-uniform,0.507086,15,0.175000,4404019
rosko,6,97.000000,8192,8192,8192,random-uniform,0.493356,15,0.250000,6291456
rosko,6,97.000000,8192,8192,8192,random-uniform,0.464373,15,0.500000,12582912
rosko,6,97.000000,8192,8192,8192,random-uniform,0.480440,15,0.750000,18874368
rosko,6,97.000000,8192,8192,8192,random-uniform,0.457937,15,1.000000,25165824
rosko,6,97.000000,8192,8192,8192,random-uniform,0.463369,15,1.100000,27682408
rosko,6,97.000000,8192,8192,8192,random-uniform,0.459591,15,1.250000,31457280
rosko,6,97.000000,8192,8192,8192,random-uniform,0.450495,15,1.500000,37748736
rosko,6,97.000000,8192,8192,8192,random-uniform,0.455446,15,1.750000,44040192
rosko,6,97.000000,8192,8192,8192,random-uniform,0.459211,15,2.000000,50331648
rosko,6,97.000000,8192,8192,8192,diagonal,0.393738,15,0.100000,2516583
rosko,6,97.000000,8192,8192,8192,diagonal,0.378271,15,0.175000,4404019
rosko,6,97.000000,8192,8192,8192,diagonal,0.431454,15,0.250000,6291456
rosko,6,97.000000,8192,8192,8192,diagonal,0.395636,15,0.500000,12582912
rosko,6,97.000000,8192,8192,8192,diagonal,0.352467,15,0.750000,18874368
rosko,6,97.000000,8192,8192,8192,diagonal,0.359356,15,1.000000,25165824
rosko,6,97.000000,8192,8192,8192,diagonal,0.361823,15,1.100000,27682408
rosko,6,97.000000,8192,8192,8192,diagonal,0.358669,15,1.250000,31457280
rosko,6,97.000000,8192,8192,8192,diagonal,0.374471,15,1.500000,37748736
rosko,6,97.000000,8192,8192,8192,diagonal,0.389439,15,1.750000,44040192
rosko,6,97.000000,8192,8192,8192,diagonal,0.414215,15,2.000000,50331648
rosko,6,97.000000,8192,8192,8192,row-pattern,0.916670,15,0.100000,2516583
rosko,6,97.000000,8192,8192,8192,row-pattern,0.927262,15,0.175000,4404019
rosko,6,97.000000,8192,8192,8192,row-pattern,0.872447,15,0.250000,6291456
rosko,6,97.000000,8192,8192,8192,row-pattern,0.839707,15,0.500000,12582912
rosko,6,97.000000,8192,8192,8192,row-pattern,0.872098,15,0.750000,18874368
rosko,6,97.000000,8192,8192,8192,row-pattern,0.765429,15,1.000000,25165824
rosko,6,97.000000,8192,8192,8192,row-pattern,0.732000,15,1.100000,27682408
rosko,6,97.000000,8192,8192,8192,row-pattern,0.862175,15,1.250000,31457280
rosko,6,97.000000,8192,8192,8192,row-pattern,0.834788,15,1.500000,37748736
rosko,6,97.000000,8192,8192,8192,row-pattern,0.821370,15,1.750000,44040192
rosko,6,97.000000,8192,8192,8192,row-pattern,0.770564,15,2.000000,50331648
rosko,6,97.000000,8192,8192,8192,column-pattern,0.365596,15,0.100000,2516583
rosko,6,97.000000,8192,8192,8192,column-pattern,0.364718,15,0.175000,4404019
rosko,6,97.000000,8192,8192,8192,column-pattern,0.360979,15,0.250000,6291456
rosko,6,97.000000,8192,8192,8192,column-pattern,0.358463,15,0.500000,12582912
rosko,6,97.000000,8192,8192,8192,column-pattern,0.358525,15,0.750000,18874368
rosko,6,97.000000,8192,8192,8192,column-pattern,0.359496,15,1.000000,25165824
rosko,6,97.000000,8192,8192,8192,column-pattern,0.394201,15,1.100000,27682408
rosko,6,97.000000,8192,8192,8192,column-pattern,0.400944,15,1.250000,31457280
rosko,6,97.000000,8192,8192,8192,column-pattern,0.384063,15,1.500000,37748736
rosko,6,97.000000,8192,8192,8192,column-pattern,0.413327,15,1.750000,44040192
rosko,6,97.000000,8192,8192,8192,column-pattern,0.376846,15,2.000000,50331648
rosko,6,98.000000,8192,8192,8192,random-uniform,0.417389,15,0.100000,2516583
rosko,6,98.000000,8192,8192,8192,random-uniform,0.413569,15,0.175000,4404019
rosko,6,98.000000,8192,8192,8192,random-uniform,0.398827,15,0.250000,6291456
rosko,6,98.000000,8192,8192,8192,random-uniform,0.375190,15,0.500000,12582912
rosko,6,98.000000,8192,8192,8192,random-uniform,0.376918,15,0.750000,18874368
rosko,6,98.000000,8192,8192,8192,random-uniform,0.379123,15,1.000000,25165824
rosko,6,98.000000,8192,8192,8192,random-uniform,0.372464,15,1.100000,27682408
rosko,6,98.000000,8192,8192,8192,random-uniform,0.380014,15,1.250000,31457280
rosko,6,98.000000,8192,8192,8192,random-uniform,0.372278,15,1.500000,37748736
rosko,6,98.000000,8192,8192,8192,random-uniform,0.376286,15,1.750000,44040192
rosko,6,98.000000,8192,8192,8192,random-uniform,0.374654,15,2.000000,50331648
rosko,6,98.000000,8192,8192,8192,diagonal,0.293285,15,0.100000,2516583
rosko,6,98.000000,8192,8192,8192,diagonal,0.294217,15,0.175000,4404019
rosko,6,98.000000,8192,8192,8192,diagonal,0.313121,15,0.250000,6291456
rosko,6,98.000000,8192,8192,8192,diagonal,0.285225,15,0.500000,12582912
rosko,6,98.000000,8192,8192,8192,diagonal,0.288687,15,0.750000,18874368
rosko,6,98.000000,8192,8192,8192,diagonal,0.296959,15,1.000000,25165824
rosko,6,98.000000,8192,8192,8192,diagonal,0.296392,15,1.100000,27682408
rosko,6,98.000000,8192,8192,8192,diagonal,0.311817,15,1.250000,31457280
rosko,6,98.000000,8192,8192,8192,diagonal,0.343855,15,1.500000,37748736
rosko,6,98.000000,8192,8192,8192,diagonal,0.306727,15,1.750000,44040192
rosko,6,98.000000,8192,8192,8192,diagonal,0.305840,15,2.000000,50331648
rosko,6,98.000000,8192,8192,8192,row-pattern,0.767010,15,0.100000,2516583
rosko,6,98.000000,8192,8192,8192,row-pattern,0.699827,15,0.175000,4404019
rosko,6,98.000000,8192,8192,8192,row-pattern,0.685918,15,0.250000,6291456
rosko,6,98.000000,8192,8192,8192,row-pattern,0.694044,15,0.500000,12582912
rosko,6,98.000000,8192,8192,8192,row-pattern,0.612871,15,0.750000,18874368
rosko,6,98.000000,8192,8192,8192,row-pattern,0.667209,15,1.000000,25165824
rosko,6,98.000000,8192,8192,8192,row-pattern,0.648821,15,1.100000,27682408
rosko,6,98.000000,8192,8192,8192,row-pattern,0.669210,15,1.250000,31457280
rosko,6,98.000000,8192,8192,8192,row-pattern,0.609016,15,1.500000,37748736
rosko,6,98.000000,8192,8192,8192,row-pattern,0.612683,15,1.750000,44040192
rosko,6,98.000000,8192,8192,8192,row-pattern,0.599143,15,2.000000,50331648
rosko,6,98.000000,8192,8192,8192,column-pattern,0.293773,15,0.100000,2516583
rosko,6,98.000000,8192,8192,8192,column-pattern,0.295047,15,0.175000,4404019
rosko,6,98.000000,8192,8192,8192,column-pattern,0.287896,15,0.250000,6291456
rosko,6,98.000000,8192,8192,8192,column-pattern,0.282276,15,0.500000,12582912
rosko,6,98.000000,8192,8192,8192,column-pattern,0.288268,15,0.750000,18874368
rosko,6,98.000000,8192,8192,8192,column-pattern,0.337015,15,1.000000,25165824
rosko,6,98.000000,8192,8192,8192,column-pattern,0.299306,15,1.100000,27682408
rosko,6,98.000000,8192,8192,8192,column-pattern,0.300362,15,1.250000,31457280
rosko,6,98.000000,8192,8192,8192,column-pattern,0.346866,15,1.500000,37748736
rosko,6,98.000000,8192,8192,8192,column-pattern,0.314805,15,1.750000,44040192
rosko,6,98.000000,8192,8192,8192,column-pattern,0.307779,15,2.000000,50331648
rosko,6,99.000000,8192,8192,8192,random-uniform,0.343615,15,0.100000,2516583
rosko,6,99.000000,8192,8192,8192,random-uniform,0.324733,15,0.175000,4404019
rosko,6,99.000000,8192,8192,8192,random-uniform,0.306242,15,0.250000,6291456
rosko,6,99.000000,8192,8192,8192,random-uniform,0.294335,15,0.500000,12582912
rosko,6,99.000000,8192,8192,8192,random-uniform,0.296894,15,0.750000,18874368
rosko,6,99.000000,8192,8192,8192,random-uniform,0.312694,15,1.000000,25165824
rosko,6,99.000000,8192,8192,8192,random-uniform,0.303010,15,1.100000,27682408
rosko,6,99.000000,8192,8192,8192,random-uniform,0.364270,15,1.250000,31457280
rosko,6,99.000000,8192,8192,8192,random-uniform,0.300082,15,1.500000,37748736
rosko,6,99.000000,8192,8192,8192,random-uniform,0.305009,15,1.750000,44040192
rosko,6,99.000000,8192,8192,8192,random-uniform,0.302616,15,2.000000,50331648
rosko,6,99.000000,8192,8192,8192,diagonal,0.232995,15,0.100000,2516583
rosko,6,99.000000,8192,8192,8192,diagonal,0.259056,15,0.175000,4404019
rosko,6,99.000000,8192,8192,8192,diagonal,0.212806,15,0.250000,6291456
rosko,6,99.000000,8192,8192,8192,diagonal,0.220073,15,0.500000,12582912
rosko,6,99.000000,8192,8192,8192,diagonal,0.246033,15,0.750000,18874368
rosko,6,99.000000,8192,8192,8192,diagonal,0.235505,15,1.000000,25165824
rosko,6,99.000000,8192,8192,8192,diagonal,0.234033,15,1.100000,27682408
rosko,6,99.000000,8192,8192,8192,diagonal,0.263124,15,1.250000,31457280
rosko,6,99.000000,8192,8192,8192,diagonal,0.247689,15,1.500000,37748736
rosko,6,99.000000,8192,8192,8192,diagonal,0.248828,15,1.750000,44040192
rosko,6,99.000000,8192,8192,8192,diagonal,0.253162,15,2.000000,50331648
rosko,6,99.000000,8192,8192,8192,row-pattern,0.558754,15,0.100000,2516583
rosko,6,99.000000,8192,8192,8192,row-pattern,0.500936,15,0.175000,4404019
rosko,6,99.000000,8192,8192,8192,row-pattern,0.468878,15,0.250000,6291456
rosko,6,99.000000,8192,8192,8192,row-pattern,0.508025,15,0.500000,12582912
rosko,6,99.000000,8192,8192,8192,row-pattern,0.439474,15,0.750000,18874368
rosko,6,99.000000,8192,8192,8192,row-pattern,0.465092,15,1.000000,25165824
rosko,6,99.000000,8192,8192,8192,row-pattern,0.456661,15,1.100000,27682408
rosko,6,99.000000,8192,8192,8192,row-pattern,0.440969,15,1.250000,31457280
rosko,6,99.000000,8192,8192,8192,row-pattern,0.479535,15,1.500000,37748736
rosko,6,99.000000,8192,8192,8192,row-pattern,0.417886,15,1.750000,44040192
rosko,6,99.000000,8192,8192,8192,row-pattern,0.458025,15,2.000000,50331648
rosko,6,99.000000,8192,8192,8192,column-pattern,0.235287,15,0.100000,2516583
rosko,6,99.000000,8192,8192,8192,column-pattern,0.228959,15,0.175000,4404019
rosko,6,99.000000,8192,8192,8192,column-pattern,0.222560,15,0.250000,6291456
rosko,6,99.000000,8192,8192,8192,column-pattern,0.218139,15,0.500000,12582912
rosko,6,99.000000,8192,8192,8192,column-pattern,0.225043,15,0.750000,18874368
rosko,6,99.000000,8192,8192,8192,column-pattern,0.231430,15,1.000000,25165824
rosko,6,99.000000,8192,8192,8192,column-pattern,0.269752,15,1.100000,27682408
rosko,6,99.000000,8192,8192,8192,column-pattern,0.247002,15,1.250000,31457280
rosko,6,99.000000,8192,8192,8192,column-pattern,0.242344,15,1.500000,37748736
rosko,6,99.000000,8192,8192,8192,column-pattern,0.247494,15,1.750000,44040192
rosko,6,99.000000,8192,8192,8192,column-pattern,0.249939,15,2.000000,50331648
rosko,6,99.900002,8192,8192,8192,random-uniform,0.258929,15,0.100000,2516583
rosko,6,99.900002,8192,8192,8192,random-uniform,0.274546,15,0.175000,4404019
rosko,6,99.900002,8192,8192,8192,random-uniform,0.275747,15,0.250000,6291456
rosko,6,99.900002,8192,8192,8192,random-uniform,0.280188,15,0.500000,12582912
rosko,6,99.900002,8192,8192,8192,random-uniform,0.307333,15,0.750000,18874368
rosko,6,99.900002,8192,8192,8192,random-uniform,0.295763,15,1.000000,25165824
rosko,6,99.900002,8192,8192,8192,random-uniform,0.317142,15,1.100000,27682408
rosko,6,99.900002,8192,8192,8192,random-uniform,0.288040,15,1.250000,31457280
rosko,6,99.900002,8192,8192,8192,random-uniform,0.309754,15,1.500000,37748736
rosko,6,99.900002,8192,8192,8192,random-uniform,0.344762,15,1.750000,44040192
rosko,6,99.900002,8192,8192,8192,random-uniform,0.306047,15,2.000000,50331648
rosko,6,99.900002,8192,8192,8192,diagonal,0.218067,15,0.100000,2516583
rosko,6,99.900002,8192,8192,8192,diagonal,0.228971,15,0.175000,4404019
rosko,6,99.900002,8192,8192,8192,diagonal,0.216957,15,0.250000,6291456
rosko,6,99.900002,8192,8192,8192,diagonal,0.227878,15,0.500000,12582912
rosko,6,99.900002,8192,8192,8192,diagonal,0.238612,15,0.750000,18874368
rosko,6,99.900002,8192,8192,8192,diagonal,0.246140,15,1.000000,25165824
rosko,6,99.900002,8192,8192,8192,diagonal,0.249106,15,1.100000,27682408
rosko,6,99.900002,8192,8192,8192,diagonal,0.262556,15,1.250000,31457280
rosko,6,99.900002,8192,8192,8192,diagonal,0.285329,15,1.500000,37748736
rosko,6,99.900002,8192,8192,8192,diagonal,0.303966,15,1.750000,44040192
rosko,6,99.900002,8192,8192,8192,diagonal,0.284139,15,2.000000,50331648
rosko,6,99.900002,8192,8192,8192,row-pattern,0.312424,15,0.100000,2516583
rosko,6,99.900002,8192,8192,8192,row-pattern,0.300428,15,0.175000,4404019
rosko,6,99.900002,8192,8192,8192,row-pattern,0.344152,15,0.250000,6291456
rosko,6,99.900002,8192,8192,8192,row-pattern,0.290624,15,0.500000,12582912
rosko,6,99.900002,8192,8192,8192,row-pattern,0.296239,15,0.750000,18874368
rosko,6,99.900002,8192,8192,8192,row-pattern,0.298861,15,1.000000,25165824
rosko,6,99.900002,8192,8192,8192,row-pattern,0.308506,15,1.100000,27682408
rosko,6,99.900002,8192,8192,8192,row-pattern,0.322698,15,1.250000,31457280
rosko,6,99.900002,8192,8192,8192,row-pattern,0.349706,15,1.500000,37748736
rosko,6,99.900002,8192,8192,8192,row-pattern,0.336290,15,1.750000,44040192
rosko,6,99.900002,8192,8192,8192,row-pattern,0.318554,15,2.000000,50331648
rosko,6,99.900002,8192,8192,8192,column-pattern,0.225117,15,0.100000,2516583
rosko,6,99.900002,8192,8192,8192,column-pattern,0.237320,15,0.175000,4404019
rosko,6,99.900002,8192,8192,8192,column-pattern,0.226155,15,0.250000,6291456
rosko,6,99.900002,8192,8192,8192,column-pattern,0.235669,15,0.500000,12582912
rosko,6,99.900002,8192,8192,8192,column-pattern,0.233246,15,0.750000,18874368
rosko,6,99.900002,8192,8192,8192,column-pattern,0.251401,15,1.000000,25165824
rosko,6,99.900002,8192,8192,8192,column-pattern,0.253620,15,1.100000,27682408
rosko,6,99.900002,8192,8192,8192,column-pattern,0.261335,15,1.250000,31457280
rosko,6,99.900002,8192,8192,8192,column-pattern,0.277964,15,1.500000,37748736
rosko,6,99.900002,8192,8192,8192,column-pattern,0.295539,15,1.750000,44040192
rosko,6,99.900002,8192,8192,8192,column-pattern,0.267870,15,2.000000,50331648
