algo,store,M,K,N,sp,bw,runs
rosko bw,0,512,512,10000,80,0.608684,2
mkl bw,0,512,512,10000,80,1.120780,2
rosko time,0,512,512,10000,80,0.003992,2
mkl time,0,512,512,10000,80,0.001356,2
rosko bytes,0,512,512,10000,80,305924.000000,2
mkl bytes,0,512,512,10000,80,420176.000000,2
rosko bw,1,512,512,10000,80,0.470291,2
mkl bw,1,512,512,10000,80,1.328228,2
rosko time,1,512,512,10000,80,0.004125,2
mkl time,1,512,512,10000,80,0.001106,2
rosko bytes,1,512,512,10000,80,305924.000000,2
mkl bytes,1,512,512,10000,80,420176.000000,2
rosko bw,0,1024,1024,10000,80,0.822022,2
mkl bw,0,1024,1024,10000,80,0.772602,2
rosko time,0,1024,1024,10000,80,0.006997,2
mkl time,0,1024,1024,10000,80,0.007833,2
rosko bytes,0,1024,1024,10000,80,1226795.000000,2
mkl bytes,0,1024,1024,10000,80,1682992.000000,2
rosko bw,1,1024,1024,10000,80,0.673213,2
mkl bw,1,1024,1024,10000,80,0.824506,2
rosko time,1,1024,1024,10000,80,0.011418,2
mkl time,1,1024,1024,10000,80,0.007338,2
rosko bytes,1,1024,1024,10000,80,1226795.000000,2
mkl bytes,1,1024,1024,10000,80,1682992.000000,2
rosko bw,0,1536,1536,10000,80,0.854721,2
mkl bw,0,1536,1536,10000,80,1.104139,2
rosko time,0,1536,1536,10000,80,0.014372,2
mkl time,0,1536,1536,10000,80,0.011972,2
rosko bytes,0,1536,1536,10000,80,2757307.000000,2
mkl bytes,0,1536,1536,10000,80,3781472.000000,2
rosko bw,1,1536,1536,10000,80,0.837322,2
mkl bw,1,1536,1536,10000,80,1.069164,2
rosko time,1,1536,1536,10000,80,0.016177,2
mkl time,1,1536,1536,10000,80,0.012394,2
rosko bytes,1,1536,1536,10000,80,2755327.000000,2
mkl bytes,1,1536,1536,10000,80,3778376.000000,2
rosko bw,0,2048,2048,10000,80,0.805101,2
mkl bw,0,2048,2048,10000,80,0.780744,2
rosko time,0,2048,2048,10000,80,0.026953,2
mkl time,0,2048,2048,10000,80,0.030133,2
rosko bytes,0,2048,2048,10000,80,4896991.000000,2
mkl bytes,0,2048,2048,10000,80,6714072.000000,2
rosko bw,1,2048,2048,10000,80,0.751824,2
mkl bw,1,2048,2048,10000,80,0.835896,2
rosko time,1,2048,2048,10000,80,0.029150,2
mkl time,1,2048,2048,10000,80,0.028116,2
rosko bytes,1,2048,2048,10000,80,4896991.000000,2
mkl bytes,1,2048,2048,10000,80,6714072.000000,2
rosko bw,0,2560,2560,10000,80,0.945400,2
mkl bw,0,2560,2560,10000,80,0.891794,2
rosko time,0,2560,2560,10000,80,0.036254,2
mkl time,0,2560,2560,10000,80,0.041153,2
rosko bytes,0,2560,2560,10000,80,7647732.000000,2
mkl bytes,0,2560,2560,10000,80,10485344.000000,2
rosko bw,1,2560,2560,10000,80,0.753645,2
mkl bw,1,2560,2560,10000,80,0.879170,2
rosko time,1,2560,2560,10000,80,0.044989,2
mkl time,1,2560,2560,10000,80,0.041762,2
rosko bytes,1,2560,2560,10000,80,7647732.000000,2
mkl bytes,1,2560,2560,10000,80,10485344.000000,2
rosko bw,0,3072,3072,10000,80,0.747328,2
mkl bw,0,3072,3072,10000,80,0.849232,2
rosko time,0,3072,3072,10000,80,0.065812,2
mkl time,0,3072,3072,10000,80,0.062291,2
rosko bytes,0,3072,3072,10000,80,11015074.000000,2
mkl bytes,0,3072,3072,10000,80,15104408.000000,2
rosko bw,1,3072,3072,10000,80,0.752562,2
mkl bw,1,3072,3072,10000,80,0.814312,2
rosko time,1,3072,3072,10000,80,0.065554,2
mkl time,1,3072,3072,10000,80,0.064925,2
rosko bytes,1,3072,3072,10000,80,11021548.000000,2
mkl bytes,1,3072,3072,10000,80,15114888.000000,2
rosko bw,0,3584,3584,10000,80,0.951734,2
mkl bw,0,3584,3584,10000,80,0.932559,2
rosko time,0,3584,3584,10000,80,0.069747,2
mkl time,0,3584,3584,10000,80,0.077169,2
rosko bytes,0,3584,3584,10000,80,14999485.000000,2
mkl bytes,0,3584,3584,10000,80,20570496.000000,2
rosko bw,1,3584,3584,10000,80,0.786182,2
mkl bw,1,3584,3584,10000,80,0.836407,2
rosko time,1,3584,3584,10000,80,0.084496,2
mkl time,1,3584,3584,10000,80,0.086139,2
rosko bytes,1,3584,3584,10000,80,14994830.000000,2
mkl bytes,1,3584,3584,10000,80,20563048.000000,2
rosko bw,0,4096,4096,10000,80,0.916093,2
mkl bw,0,4096,4096,10000,80,0.463655,2
rosko time,0,4096,4096,10000,80,0.094666,2
mkl time,0,4096,4096,10000,80,0.202692,2
rosko bytes,0,4096,4096,10000,80,19584366.000000,2
mkl bytes,0,4096,4096,10000,80,26858112.000000,2
rosko bw,1,4096,4096,10000,80,0.891456,2
mkl bw,1,4096,4096,10000,80,0.479215,2
rosko time,1,4096,4096,10000,80,0.097587,2
mkl time,1,4096,4096,10000,80,0.196066,2
rosko bytes,1,4096,4096,10000,80,19578160.000000,2
mkl bytes,1,4096,4096,10000,80,26848304.000000,2
rosko bw,0,4608,4608,10000,80,0.874972,2
mkl bw,0,4608,4608,10000,80,0.854869,2
rosko time,0,4608,4608,10000,80,0.129038,2
mkl time,0,4608,4608,10000,80,0.139100,2
rosko bytes,0,4608,4608,10000,80,24768922.000000,2
mkl bytes,0,4608,4608,10000,80,33967456.000000,2
rosko bw,1,4608,4608,10000,80,0.943428,2
mkl bw,1,4608,4608,10000,80,0.856356,2
rosko time,1,4608,4608,10000,80,0.116902,2
mkl time,1,4608,4608,10000,80,0.138884,2
rosko bytes,1,4608,4608,10000,80,24785396.000000,2
mkl bytes,1,4608,4608,10000,80,33993860.000000,2
rosko bw,0,5120,5120,10000,80,0.878054,2
mkl bw,0,5120,5120,10000,80,0.657898,2
rosko time,0,5120,5120,10000,80,0.154559,2
mkl time,0,5120,5120,10000,80,0.223477,2
rosko bytes,0,5120,5120,10000,80,30599618.000000,2
mkl bytes,0,5120,5120,10000,80,41968884.000000,2
rosko bw,1,5120,5120,10000,80,0.873363,2
mkl bw,1,5120,5120,10000,80,0.686892,2
rosko time,1,5120,5120,10000,80,0.157297,2
mkl time,1,5120,5120,10000,80,0.213768,2
rosko bytes,1,5120,5120,10000,80,30593236.000000,2
mkl bytes,1,5120,5120,10000,80,41958936.000000,2
rosko bw,0,5632,5632,10000,80,0.835853,2
mkl bw,0,5632,5632,10000,80,0.871953,2
rosko time,0,5632,5632,10000,80,0.196447,2
mkl time,0,5632,5632,10000,80,0.203813,2
rosko bytes,0,5632,5632,10000,80,37024028.000000,2
mkl bytes,0,5632,5632,10000,80,50781764.000000,2
rosko bw,1,5632,5632,10000,80,0.835711,2
mkl bw,1,5632,5632,10000,80,0.831436,2
rosko time,1,5632,5632,10000,80,0.199449,2
mkl time,1,5632,5632,10000,80,0.213821,2
rosko bytes,1,5632,5632,10000,80,37013808.000000,2
mkl bytes,1,5632,5632,10000,80,50765544.000000,2
rosko bw,0,6144,6144,10000,80,0.783657,2
mkl bw,0,6144,6144,10000,80,0.480659,2
rosko time,0,6144,6144,10000,80,0.249293,2
mkl time,0,6144,6144,10000,80,0.439849,2
rosko bytes,0,6144,6144,10000,80,44049444.000000,2
mkl bytes,0,6144,6144,10000,80,60419184.000000,2
rosko bw,1,6144,6144,10000,80,0.856333,2
mkl bw,1,6144,6144,10000,80,0.481057,2
rosko time,1,6144,6144,10000,80,0.228146,2
mkl time,1,6144,6144,10000,80,0.439687,2
rosko bytes,1,6144,6144,10000,80,44036676.000000,2
mkl bytes,1,6144,6144,10000,80,60398724.000000,2
rosko bw,0,6656,6656,10000,80,1.049734,2
mkl bw,0,6656,6656,10000,80,0.814725,2
rosko time,0,6656,6656,10000,80,0.218275,2
mkl time,0,6656,6656,10000,80,0.304556,2
rosko bytes,0,6656,6656,10000,80,51702832.000000,2
mkl bytes,0,6656,6656,10000,80,70919136.000000,2
rosko bw,1,6656,6656,10000,80,0.947189,2
mkl bw,1,6656,6656,10000,80,0.822101,2
rosko time,1,6656,6656,10000,80,0.242201,2
mkl time,1,6656,6656,10000,80,0.301865,2
rosko bytes,1,6656,6656,10000,80,51698240.000000,2
mkl bytes,1,6656,6656,10000,80,70911880.000000,2
rosko bw,0,7168,7168,10000,80,0.947507,2
mkl bw,0,7168,7168,10000,80,0.565859,2
rosko time,0,7168,7168,10000,80,0.280241,2
mkl time,0,7168,7168,10000,80,0.508602,2
rosko bytes,0,7168,7168,10000,80,59959776.000000,2
mkl bytes,0,7168,7168,10000,80,82245600.000000,2
rosko bw,1,7168,7168,10000,80,0.720112,2
mkl bw,1,7168,7168,10000,80,0.571295,2
rosko time,1,7168,7168,10000,80,0.368852,2
mkl time,1,7168,7168,10000,80,0.503787,2
rosko bytes,1,7168,7168,10000,80,59958552.000000,2
mkl bytes,1,7168,7168,10000,80,82243776.000000,2
rosko bw,0,7680,7680,10000,80,0.875309,2
mkl bw,0,7680,7680,10000,80,0.763081,2
rosko time,0,7680,7680,10000,80,0.348211,2
mkl time,0,7680,7680,10000,80,0.432864,2
rosko bytes,0,7680,7680,10000,80,68802952.000000,2
mkl bytes,0,7680,7680,10000,80,94373472.000000,2
rosko bw,1,7680,7680,10000,80,0.851638,2
mkl bw,1,7680,7680,10000,80,0.708690,2
rosko time,1,7680,7680,10000,80,0.363376,2
mkl time,1,7680,7680,10000,80,0.467429,2
rosko bytes,1,7680,7680,10000,80,68827280.000000,2
mkl bytes,1,7680,7680,10000,80,94412288.000000,2
rosko bw,0,8192,8192,10000,80,0.894388,2
mkl bw,0,8192,8192,10000,80,0.426950,2
rosko time,0,8192,8192,10000,80,0.387737,2
mkl time,0,8192,8192,10000,80,0.880255,2
rosko bytes,0,8192,8192,10000,80,78303512.000000,2
mkl bytes,0,8192,8192,10000,80,107386648.000000,2
rosko bw,1,8192,8192,10000,80,0.737213,2
mkl bw,1,8192,8192,10000,80,0.418591,2
rosko time,1,8192,8192,10000,80,0.470390,2
mkl time,1,8192,8192,10000,80,0.898026,2
rosko bytes,1,8192,8192,10000,80,78322040.000000,2
mkl bytes,1,8192,8192,10000,80,107416328.000000,2
rosko bw,0,8704,8704,10000,80,0.952410,2
mkl bw,0,8704,8704,10000,80,0.735867,2
rosko time,0,8704,8704,10000,80,0.411190,2
mkl time,0,8704,8704,10000,80,0.577186,2
rosko bytes,0,8704,8704,10000,80,88429712.000000,2
mkl bytes,0,8704,8704,10000,80,121268640.000000,2
rosko bw,1,8704,8704,10000,80,0.919441,2
mkl bw,1,8704,8704,10000,80,0.730439,2
rosko time,1,8704,8704,10000,80,0.426642,2
mkl time,1,8704,8704,10000,80,0.580979,2
rosko bytes,1,8704,8704,10000,80,88400656.000000,2
mkl bytes,1,8704,8704,10000,80,121221728.000000,2
rosko bw,0,9216,9216,10000,80,0.828455,2
mkl bw,0,9216,9216,10000,80,0.474773,2
rosko time,0,9216,9216,10000,80,0.531087,2
mkl time,0,9216,9216,10000,80,1.002156,2
rosko bytes,0,9216,9216,10000,80,99118096.000000,2
mkl bytes,0,9216,9216,10000,80,135917376.000000,2
rosko bw,1,9216,9216,10000,80,0.827320,2
mkl bw,1,9216,9216,10000,80,0.478010,2
rosko time,1,9216,9216,10000,80,0.532087,2
mkl time,1,9216,9216,10000,80,0.995497,2
rosko bytes,1,9216,9216,10000,80,99104304.000000,2
mkl bytes,1,9216,9216,10000,80,135895312.000000,2
rosko bw,0,9728,9728,10000,80,0.753328,2
mkl bw,0,9728,9728,10000,80,0.694226,2
rosko time,0,9728,9728,10000,80,0.649433,2
mkl time,0,9728,9728,10000,80,0.763587,2
rosko bytes,0,9728,9728,10000,80,110463568.000000,2
mkl bytes,0,9728,9728,10000,80,151478320.000000,2
rosko bw,1,9728,9728,10000,80,0.869453,2
mkl bw,1,9728,9728,10000,80,0.700495,2
rosko time,1,9728,9728,10000,80,0.563238,2
mkl time,1,9728,9728,10000,80,0.756607,2
rosko bytes,1,9728,9728,10000,80,110452432.000000,2
mkl bytes,1,9728,9728,10000,80,151460656.000000,2
rosko bw,0,10240,10240,10000,80,0.816949,2
mkl bw,0,10240,10240,10000,80,0.417090,2
rosko time,0,10240,10240,10000,80,0.665765,2
mkl time,0,10240,10240,10000,80,1.408890,2
rosko bytes,0,10240,10240,10000,80,122354176.000000,2
mkl bytes,0,10240,10240,10000,80,167773280.000000,2
rosko bw,1,10240,10240,10000,80,0.901346,2
mkl bw,1,10240,10240,10000,80,0.440614,2
rosko time,1,10240,10240,10000,80,0.610329,2
mkl time,1,10240,10240,10000,80,1.333385,2
rosko bytes,1,10240,10240,10000,80,122375888.000000,2
mkl bytes,1,10240,10240,10000,80,167807680.000000,2
rosko bw,0,512,512,10000,87,0.779541,2
mkl bw,0,512,512,10000,87,0.836382,2
rosko time,0,512,512,10000,87,0.001806,2
mkl time,0,512,512,10000,87,0.004680,2
rosko bytes,0,512,512,10000,87,213564.000000,2
mkl bytes,0,512,512,10000,87,273904.000000,2
rosko bw,1,512,512,10000,87,0.644299,2
mkl bw,1,512,512,10000,87,1.443761,2
rosko time,1,512,512,10000,87,0.003811,2
mkl time,1,512,512,10000,87,0.000916,2
rosko bytes,1,512,512,10000,87,213564.000000,2
mkl bytes,1,512,512,10000,87,273904.000000,2
rosko bw,0,1024,1024,10000,87,0.315732,2
mkl bw,0,1024,1024,10000,87,1.191294,2
rosko time,0,1024,1024,10000,87,0.108614,2
mkl time,0,1024,1024,10000,87,0.004459,2
rosko bytes,0,1024,1024,10000,87,855755.000000,2
mkl bytes,0,1024,1024,10000,87,1094568.000000,2
rosko bw,1,1024,1024,10000,87,0.670099,2
mkl bw,1,1024,1024,10000,87,0.977527,2
rosko time,1,1024,1024,10000,87,0.008000,2
mkl time,1,1024,1024,10000,87,0.005417,2
rosko bytes,1,1024,1024,10000,87,857135.000000,2
mkl bytes,1,1024,1024,10000,87,1096848.000000,2
rosko bw,0,1536,1536,10000,87,0.063302,2
mkl bw,0,1536,1536,10000,87,1.083118,2
rosko time,0,1536,1536,10000,87,0.179558,2
mkl time,0,1536,1536,10000,87,0.010996,2
rosko bytes,0,1536,1536,10000,87,1928887.000000,2
mkl bytes,0,1536,1536,10000,87,2466944.000000,2
rosko bw,1,1536,1536,10000,87,0.071342,2
mkl bw,1,1536,1536,10000,87,1.090927,2
rosko time,1,1536,1536,10000,87,0.167980,2
mkl time,1,1536,1536,10000,87,0.010915,2
rosko bytes,1,1536,1536,10000,87,1928887.000000,2
mkl bytes,1,1536,1536,10000,87,2466944.000000,2
rosko bw,0,2048,2048,10000,87,0.655050,2
mkl bw,0,2048,2048,10000,87,0.814578,2
rosko time,0,2048,2048,10000,87,0.030938,2
mkl time,0,2048,2048,10000,87,0.025984,2
rosko bytes,0,2048,2048,10000,87,3421731.000000,2
mkl bytes,0,2048,2048,10000,87,4373032.000000,2
rosko bw,1,2048,2048,10000,87,0.636980,2
mkl bw,1,2048,2048,10000,87,0.793197,2
rosko time,1,2048,2048,10000,87,0.031711,2
mkl time,1,2048,2048,10000,87,0.026742,2
rosko bytes,1,2048,2048,10000,87,3421731.000000,2
mkl bytes,1,2048,2048,10000,87,4373032.000000,2
rosko bw,0,2560,2560,10000,87,0.772266,2
mkl bw,0,2560,2560,10000,87,0.872007,2
rosko time,0,2560,2560,10000,87,0.040907,2
mkl time,0,2560,2560,10000,87,0.037894,2
rosko bytes,0,2560,2560,10000,87,5342891.500000,2
mkl bytes,0,2560,2560,10000,87,6826724.000000,2
rosko bw,1,2560,2560,10000,87,0.953842,2
mkl bw,1,2560,2560,10000,87,0.931361,2
rosko time,1,2560,2560,10000,87,0.033139,2
mkl time,1,2560,2560,10000,87,0.035581,2
rosko bytes,1,2560,2560,10000,87,5340599.000000,2
mkl bytes,1,2560,2560,10000,87,6822944.000000,2
rosko bw,0,3072,3072,10000,87,0.827446,2
mkl bw,0,3072,3072,10000,87,0.763303,2
rosko time,0,3072,3072,10000,87,0.054965,2
mkl time,0,3072,3072,10000,87,0.062335,2
rosko bytes,0,3072,3072,10000,87,7693748.500000,2
mkl bytes,0,3072,3072,10000,87,9828520.000000,2
rosko bw,1,3072,3072,10000,87,0.998144,2
mkl bw,1,3072,3072,10000,87,0.711597,2
rosko time,1,3072,3072,10000,87,0.046114,2
mkl time,1,3072,3072,10000,87,0.066960,2
rosko bytes,1,3072,3072,10000,87,7692776.000000,2
mkl bytes,1,3072,3072,10000,87,9826216.000000,2
rosko bw,0,3584,3584,10000,87,0.923166,2
mkl bw,0,3584,3584,10000,87,0.856493,2
rosko time,0,3584,3584,10000,87,0.068597,2
mkl time,0,3584,3584,10000,87,0.075608,2
rosko bytes,0,3584,3584,10000,87,10471440.000000,2
mkl bytes,0,3584,3584,10000,87,13377528.000000,2
rosko bw,1,3584,3584,10000,87,0.846606,2
mkl bw,1,3584,3584,10000,87,0.834960,2
rosko time,1,3584,3584,10000,87,0.073134,2
mkl time,1,3584,3584,10000,87,0.077743,2
rosko bytes,1,3584,3584,10000,87,10467288.000000,2
mkl bytes,1,3584,3584,10000,87,13371316.000000,2
rosko bw,0,4096,4096,10000,87,0.854359,2
mkl bw,0,4096,4096,10000,87,0.448833,2
rosko time,0,4096,4096,10000,87,0.094791,2
mkl time,0,4096,4096,10000,87,0.188418,2
rosko bytes,0,4096,4096,10000,87,13667195.000000,2
mkl bytes,0,4096,4096,10000,87,17457412.000000,2
rosko bw,1,4096,4096,10000,87,1.061790,2
mkl bw,1,4096,4096,10000,87,0.470806,2
rosko time,1,4096,4096,10000,87,0.076554,2
mkl time,1,4096,4096,10000,87,0.179654,2
rosko bytes,1,4096,4096,10000,87,13677128.000000,2
mkl bytes,1,4096,4096,10000,87,17473300.000000,2
rosko bw,0,4608,4608,10000,87,1.055379,2
mkl bw,0,4608,4608,10000,87,0.861033,2
rosko time,0,4608,4608,10000,87,0.097348,2
mkl time,0,4608,4608,10000,87,0.124316,2
rosko bytes,0,4608,4608,10000,87,17302380.000000,2
mkl bytes,0,4608,4608,10000,87,22105480.000000,2
rosko bw,1,4608,4608,10000,87,1.012595,2
mkl bw,1,4608,4608,10000,87,0.869286,2
rosko time,1,4608,4608,10000,87,0.101637,2
mkl time,1,4608,4608,10000,87,0.123204,2
rosko bytes,1,4608,4608,10000,87,17301708.000000,2
mkl bytes,1,4608,4608,10000,87,22103528.000000,2
rosko bw,0,5120,5120,10000,87,1.206739,2
mkl bw,0,5120,5120,10000,87,0.636448,2
rosko time,0,5120,5120,10000,87,0.104616,2
mkl time,0,5120,5120,10000,87,0.208074,2
rosko bytes,0,5120,5120,10000,87,21349270.000000,2
mkl bytes,0,5120,5120,10000,87,27271848.000000,2
rosko bw,1,5120,5120,10000,87,1.026753,2
mkl bw,1,5120,5120,10000,87,0.630603,2
rosko time,1,5120,5120,10000,87,0.123823,2
mkl time,1,5120,5120,10000,87,0.209551,2
rosko bytes,1,5120,5120,10000,87,21351690.000000,2
mkl bytes,1,5120,5120,10000,87,27274256.000000,2
rosko bw,0,5632,5632,10000,87,1.049688,2
mkl bw,0,5632,5632,10000,87,0.879386,2
rosko time,0,5632,5632,10000,87,0.145534,2
mkl time,0,5632,5632,10000,87,0.181913,2
rosko bytes,0,5632,5632,10000,87,25832704.000000,2
mkl bytes,0,5632,5632,10000,87,32999924.000000,2
rosko bw,1,5632,5632,10000,87,1.006505,2
mkl bw,1,5632,5632,10000,87,0.899435,2
rosko time,1,5632,5632,10000,87,0.151846,2
mkl time,1,5632,5632,10000,87,0.177785,2
rosko bytes,1,5632,5632,10000,87,25840868.000000,2
mkl bytes,1,5632,5632,10000,87,33011288.000000,2
rosko bw,0,6144,6144,10000,87,1.053293,2
mkl bw,0,6144,6144,10000,87,0.520470,2
rosko time,0,6144,6144,10000,87,0.172556,2
mkl time,0,6144,6144,10000,87,0.365594,2
rosko bytes,0,6144,6144,10000,87,30749664.000000,2
mkl bytes,0,6144,6144,10000,87,39285624.000000,2
rosko bw,1,6144,6144,10000,87,1.077461,2
mkl bw,1,6144,6144,10000,87,0.520028,2
rosko time,1,6144,6144,10000,87,0.168736,2
mkl time,1,6144,6144,10000,87,0.365949,2
rosko bytes,1,6144,6144,10000,87,30745122.000000,2
mkl bytes,1,6144,6144,10000,87,39278504.000000,2
rosko bw,0,6656,6656,10000,87,1.195051,2
mkl bw,0,6656,6656,10000,87,0.804010,2
rosko time,0,6656,6656,10000,87,0.178580,2
mkl time,0,6656,6656,10000,87,0.277768,2
rosko bytes,0,6656,6656,10000,87,36076672.000000,2
mkl bytes,0,6656,6656,10000,87,46087452.000000,2
rosko bw,1,6656,6656,10000,87,1.033996,2
mkl bw,1,6656,6656,10000,87,0.803848,2
rosko time,1,6656,6656,10000,87,0.206754,2
mkl time,1,6656,6656,10000,87,0.277893,2
rosko bytes,1,6656,6656,10000,87,36085832.000000,2
mkl bytes,1,6656,6656,10000,87,46102996.000000,2
rosko bw,0,7168,7168,10000,87,1.010778,2
mkl bw,0,7168,7168,10000,87,0.527593,2
rosko time,0,7168,7168,10000,87,0.244762,2
mkl time,0,7168,7168,10000,87,0.490994,2
rosko bytes,0,7168,7168,10000,87,41855152.000000,2
mkl bytes,0,7168,7168,10000,87,53478240.000000,2
rosko bw,1,7168,7168,10000,87,1.081570,2
mkl bw,1,7168,7168,10000,87,0.549829,2
rosko time,1,7168,7168,10000,87,0.228778,2
mkl time,1,7168,7168,10000,87,0.471044,2
rosko bytes,1,7168,7168,10000,87,41843076.000000,2
mkl bytes,1,7168,7168,10000,87,53458560.000000,2
rosko bw,0,7680,7680,10000,87,0.889886,2
mkl bw,0,7680,7680,10000,87,0.742004,2
rosko time,0,7680,7680,10000,87,0.319107,2
mkl time,0,7680,7680,10000,87,0.400691,2
rosko bytes,0,7680,7680,10000,87,48039400.000000,2
mkl bytes,0,7680,7680,10000,87,61376496.000000,2
rosko bw,1,7680,7680,10000,87,1.054063,2
mkl bw,1,7680,7680,10000,87,0.761858,2
rosko time,1,7680,7680,10000,87,0.270253,2
mkl time,1,7680,7680,10000,87,0.390245,2
rosko bytes,1,7680,7680,10000,87,48016680.000000,2
mkl bytes,1,7680,7680,10000,87,61342568.000000,2
rosko bw,0,8192,8192,10000,87,0.983398,2
mkl bw,0,8192,8192,10000,87,0.459389,2
rosko time,0,8192,8192,10000,87,0.328610,2
mkl time,0,8192,8192,10000,87,0.738420,2
rosko bytes,0,8192,8192,10000,87,54675728.000000,2
mkl bytes,0,8192,8192,10000,87,69848576.000000,2
rosko bw,1,8192,8192,10000,87,1.006070,2
mkl bw,1,8192,8192,10000,87,0.435060,2
rosko time,1,8192,8192,10000,87,0.321633,2
mkl time,1,8192,8192,10000,87,0.777567,2
rosko bytes,1,8192,8192,10000,87,54672024.000000,2
mkl bytes,1,8192,8192,10000,87,69844768.000000,2
rosko bw,0,8704,8704,10000,87,0.985802,2
mkl bw,0,8704,8704,10000,87,0.671043,2
rosko time,0,8704,8704,10000,87,0.369990,2
mkl time,0,8704,8704,10000,87,0.569095,2
rosko bytes,0,8704,8704,10000,87,61694796.000000,2
mkl bytes,0,8704,8704,10000,87,78796184.000000,2
rosko bw,1,8704,8704,10000,87,1.021346,2
mkl bw,1,8704,8704,10000,87,0.689023,2
rosko time,1,8704,8704,10000,87,0.357146,2
mkl time,1,8704,8704,10000,87,0.554221,2
rosko bytes,1,8704,8704,10000,87,61715776.000000,2
mkl bytes,1,8704,8704,10000,87,78828400.000000,2
rosko bw,0,9216,9216,10000,87,1.064260,2
mkl bw,0,9216,9216,10000,87,0.455214,2
rosko time,0,9216,9216,10000,87,0.384524,2
mkl time,0,9216,9216,10000,87,0.941036,2
rosko bytes,0,9216,9216,10000,87,69174024.000000,2
mkl bytes,0,9216,9216,10000,87,88347432.000000,2
rosko bw,1,9216,9216,10000,87,1.060129,2
mkl bw,1,9216,9216,10000,87,0.450022,2
rosko time,1,9216,9216,10000,87,0.385775,2
mkl time,1,9216,9216,10000,87,0.951295,2
rosko bytes,1,9216,9216,10000,87,69185040.000000,2
mkl bytes,1,9216,9216,10000,87,88364960.000000,2
rosko bw,0,9728,9728,10000,87,0.944272,2
mkl bw,0,9728,9728,10000,87,0.697259,2
rosko time,0,9728,9728,10000,87,0.483220,2
mkl time,0,9728,9728,10000,87,0.684244,2
rosko bytes,0,9728,9728,10000,87,77105432.000000,2
mkl bytes,0,9728,9728,10000,87,98480496.000000,2
rosko bw,1,9728,9728,10000,87,0.996519,2
mkl bw,1,9728,9728,10000,87,0.682127,2
rosko time,1,9728,9728,10000,87,0.457752,2
mkl time,1,9728,9728,10000,87,0.699286,2
rosko bytes,1,9728,9728,10000,87,77091328.000000,2
mkl bytes,1,9728,9728,10000,87,98458096.000000,2
rosko bw,0,10240,10240,10000,87,0.824503,2
mkl bw,0,10240,10240,10000,87,0.424950,2
rosko time,0,10240,10240,10000,87,0.621633,2
mkl time,0,10240,10240,10000,87,1.244637,2
rosko bytes,0,10240,10240,10000,87,85410880.000000,2
mkl bytes,0,10240,10240,10000,87,109078568.000000,2
rosko bw,1,10240,10240,10000,87,0.890894,2
mkl bw,1,10240,10240,10000,87,0.417874,2
rosko time,1,10240,10240,10000,87,0.573842,2
mkl time,1,10240,10240,10000,87,1.264832,2
rosko bytes,1,10240,10240,10000,87,85431104.000000,2
mkl bytes,1,10240,10240,10000,87,109109760.000000,2
rosko bw,0,512,512,10000,95,0.694545,2
mkl bw,0,512,512,10000,95,1.086270,2
rosko time,0,512,512,10000,95,0.003791,2
mkl time,0,512,512,10000,95,0.003223,2
rosko bytes,0,512,512,10000,95,101729.000000,2
mkl bytes,0,512,512,10000,95,108648.000000,2
rosko bw,1,512,512,10000,95,1.154031,2
mkl bw,1,512,512,10000,95,1.956059,2
rosko time,1,512,512,10000,95,0.001007,2
mkl time,1,512,512,10000,95,0.000591,2
rosko bytes,1,512,512,10000,95,99949.000000,2
mkl bytes,1,512,512,10000,95,106656.000000,2
rosko bw,0,1024,1024,10000,95,0.724717,2
mkl bw,0,1024,1024,10000,95,1.241589,2
rosko time,0,1024,1024,10000,95,0.007774,2
mkl time,0,1024,1024,10000,95,0.003742,2
rosko bytes,0,1024,1024,10000,95,401495.000000,2
mkl bytes,0,1024,1024,10000,95,425000.000000,2
rosko bw,1,1024,1024,10000,95,0.749356,2
mkl bw,1,1024,1024,10000,95,1.264666,2
rosko time,1,1024,1024,10000,95,0.007359,2
mkl time,1,1024,1024,10000,95,0.003656,2
rosko bytes,1,1024,1024,10000,95,401495.000000,2
mkl bytes,1,1024,1024,10000,95,425000.000000,2
rosko bw,0,1536,1536,10000,95,0.371853,2
mkl bw,0,1536,1536,10000,95,1.350404,2
rosko time,0,1536,1536,10000,95,0.032476,2
mkl time,0,1536,1536,10000,95,0.007700,2
rosko bytes,0,1536,1536,10000,95,903162.000000,2
mkl bytes,0,1536,1536,10000,95,954056.000000,2
rosko bw,1,1536,1536,10000,95,0.539086,2
mkl bw,1,1536,1536,10000,95,1.278859,2
rosko time,1,1536,1536,10000,95,0.020098,2
mkl time,1,1536,1536,10000,95,0.008156,2
rosko bytes,1,1536,1536,10000,95,903162.000000,2
mkl bytes,1,1536,1536,10000,95,954056.000000,2
rosko bw,0,2048,2048,10000,95,1.024271,2
mkl bw,0,2048,2048,10000,95,1.056572,2
rosko time,0,2048,2048,10000,95,0.019814,2
mkl time,0,2048,2048,10000,95,0.017611,2
rosko bytes,0,2048,2048,10000,95,1603764.000000,2
mkl bytes,0,2048,2048,10000,95,1690920.000000,2
rosko bw,1,2048,2048,10000,95,0.656350,2
mkl bw,1,2048,2048,10000,95,1.262025,2
rosko time,1,2048,2048,10000,95,0.031248,2
mkl time,1,2048,2048,10000,95,0.014669,2
rosko bytes,1,2048,2048,10000,95,1600131.500000,2
mkl bytes,1,2048,2048,10000,95,1685784.000000,2
rosko bw,0,2560,2560,10000,95,0.867370,2
mkl bw,0,2560,2560,10000,95,0.862971,2
rosko time,0,2560,2560,10000,95,0.033448,2
mkl time,0,2560,2560,10000,95,0.033509,2
rosko bytes,0,2560,2560,10000,95,2494994.000000,2
mkl bytes,0,2560,2560,10000,95,2625536.000000,2
rosko bw,1,2560,2560,10000,95,0.922581,2
mkl bw,1,2560,2560,10000,95,0.967667,2
rosko time,1,2560,2560,10000,95,0.031239,2
mkl time,1,2560,2560,10000,95,0.029867,2
rosko bytes,1,2560,2560,10000,95,2494994.000000,2
mkl bytes,1,2560,2560,10000,95,2625536.000000,2
rosko bw,0,3072,3072,10000,95,1.016500,2
mkl bw,0,3072,3072,10000,95,0.593086,2
rosko time,0,3072,3072,10000,95,0.040916,2
mkl time,0,3072,3072,10000,95,0.071297,2
rosko bytes,0,3072,3072,10000,95,3596309.500000,2
mkl bytes,0,3072,3072,10000,95,3784396.000000,2
rosko bw,1,3072,3072,10000,95,1.169292,2
mkl bw,1,3072,3072,10000,95,0.704970,2
rosko time,1,3072,3072,10000,95,0.035381,2
mkl time,1,3072,3072,10000,95,0.059005,2
rosko bytes,1,3072,3072,10000,95,3598322.000000,2
mkl bytes,1,3072,3072,10000,95,3787496.000000,2
rosko bw,0,3584,3584,10000,95,0.773285,2
mkl bw,0,3584,3584,10000,95,0.925630,2
rosko time,0,3584,3584,10000,95,0.080936,2
mkl time,0,3584,3584,10000,95,0.061083,2
rosko bytes,0,3584,3584,10000,95,4896785.000000,2
mkl bytes,0,3584,3584,10000,95,5151088.000000,2
rosko bw,1,3584,3584,10000,95,1.212747,2
mkl bw,1,3584,3584,10000,95,0.741007,2
rosko time,1,3584,3584,10000,95,0.046415,2
mkl time,1,3584,3584,10000,95,0.077401,2
rosko bytes,1,3584,3584,10000,95,4899827.500000,2
mkl bytes,1,3584,3584,10000,95,5154200.000000,2
rosko bw,0,4096,4096,10000,95,1.041430,2
mkl bw,0,4096,4096,10000,95,0.424478,2
rosko time,0,4096,4096,10000,95,0.071050,2
mkl time,0,4096,4096,10000,95,0.173948,2
rosko bytes,0,4096,4096,10000,95,6399354.000000,2
mkl bytes,0,4096,4096,10000,95,6728272.000000,2
rosko bw,1,4096,4096,10000,95,1.189382,2
mkl bw,1,4096,4096,10000,95,0.455490,2
rosko time,1,4096,4096,10000,95,0.062162,2
mkl time,1,4096,4096,10000,95,0.162087,2
rosko bytes,1,4096,4096,10000,95,6390464.000000,2
mkl bytes,1,4096,4096,10000,95,6719324.000000,2
rosko bw,0,4608,4608,10000,95,1.216763,2
mkl bw,0,4608,4608,10000,95,0.780134,2
rosko time,0,4608,4608,10000,95,0.076791,2
mkl time,0,4608,4608,10000,95,0.120742,2
rosko bytes,0,4608,4608,10000,95,8098600.500000,2
mkl bytes,0,4608,4608,10000,95,8515100.000000,2
rosko bw,1,4608,4608,10000,95,1.168935,2
mkl bw,1,4608,4608,10000,95,0.811532,2
rosko time,1,4608,4608,10000,95,0.082191,2
mkl time,1,4608,4608,10000,95,0.115180,2
rosko bytes,1,4608,4608,10000,95,8102875.500000,2
mkl bytes,1,4608,4608,10000,95,8520824.000000,2
rosko bw,0,5120,5120,10000,95,1.124538,2
mkl bw,0,5120,5120,10000,95,0.567235,2
rosko time,0,5120,5120,10000,95,0.102183,2
mkl time,0,5120,5120,10000,95,0.203448,2
rosko bytes,0,5120,5120,10000,95,9999782.000000,2
mkl bytes,0,5120,5120,10000,95,10511856.000000,2
rosko bw,1,5120,5120,10000,95,1.051022,2
mkl bw,1,5120,5120,10000,95,0.555493,2
rosko time,1,5120,5120,10000,95,0.109413,2
mkl time,1,5120,5120,10000,95,0.207684,2
rosko bytes,1,5120,5120,10000,95,9993940.000000,2
mkl bytes,1,5120,5120,10000,95,10505720.000000,2
rosko bw,0,5632,5632,10000,95,1.064832,2
mkl bw,0,5632,5632,10000,95,0.883581,2
rosko time,0,5632,5632,10000,95,0.131101,2
mkl time,0,5632,5632,10000,95,0.158007,2
rosko bytes,0,5632,5632,10000,95,12095482.000000,2
mkl bytes,0,5632,5632,10000,95,12713188.000000,2
rosko bw,1,5632,5632,10000,95,1.271246,2
mkl bw,1,5632,5632,10000,95,0.933928,2
rosko time,1,5632,5632,10000,95,0.109508,2
mkl time,1,5632,5632,10000,95,0.149603,2
rosko bytes,1,5632,5632,10000,95,12102602.000000,2
mkl bytes,1,5632,5632,10000,95,12724056.000000,2
rosko bw,0,6144,6144,10000,95,1.069063,2
mkl bw,0,6144,6144,10000,95,0.444066,2
rosko time,0,6144,6144,10000,95,0.154970,2
mkl time,0,6144,6144,10000,95,0.374302,2
rosko bytes,0,6144,6144,10000,95,14390612.000000,2
mkl bytes,0,6144,6144,10000,95,15126696.000000,2
rosko bw,1,6144,6144,10000,95,1.169822,2
mkl bw,1,6144,6144,10000,95,0.450067,2
rosko time,1,6144,6144,10000,95,0.144698,2
mkl time,1,6144,6144,10000,95,0.369184,2
rosko bytes,1,6144,6144,10000,95,14394552.000000,2
mkl bytes,1,6144,6144,10000,95,15131000.000000,2
rosko bw,0,6656,6656,10000,95,1.197806,2
mkl bw,0,6656,6656,10000,95,0.744184,2
rosko time,0,6656,6656,10000,95,0.164401,2
mkl time,0,6656,6656,10000,95,0.262564,2
rosko bytes,0,6656,6656,10000,95,16901388.000000,2
mkl bytes,0,6656,6656,10000,95,17763872.000000,2
rosko bw,1,6656,6656,10000,95,1.290438,2
mkl bw,1,6656,6656,10000,95,0.721073,2
rosko time,1,6656,6656,10000,95,0.151378,2
mkl time,1,6656,6656,10000,95,0.271156,2
rosko bytes,1,6656,6656,10000,95,16888898.000000,2
mkl bytes,1,6656,6656,10000,95,17750160.000000,2
rosko bw,0,7168,7168,10000,95,1.174229,2
mkl bw,0,7168,7168,10000,95,0.499992,2
rosko time,0,7168,7168,10000,95,0.196011,2
mkl time,0,7168,7168,10000,95,0.452277,2
rosko bytes,0,7168,7168,10000,95,19595924.000000,2
mkl bytes,0,7168,7168,10000,95,20596236.000000,2
rosko bw,1,7168,7168,10000,95,1.302044,2
mkl bw,1,7168,7168,10000,95,0.492980,2
rosko time,1,7168,7168,10000,95,0.174792,2
mkl time,1,7168,7168,10000,95,0.458679,2
rosko bytes,1,7168,7168,10000,95,19579474.000000,2
mkl bytes,1,7168,7168,10000,95,20575432.000000,2
rosko bw,0,7680,7680,10000,95,1.185871,2
mkl bw,0,7680,7680,10000,95,0.686357,2
rosko time,0,7680,7680,10000,95,0.218122,2
mkl time,0,7680,7680,10000,95,0.378157,2
rosko bytes,0,7680,7680,10000,95,22474774.000000,2
mkl bytes,0,7680,7680,10000,95,23616536.000000,2
rosko bw,1,7680,7680,10000,95,1.084305,2
mkl bw,1,7680,7680,10000,95,0.705889,2
rosko time,1,7680,7680,10000,95,0.240115,2
mkl time,1,7680,7680,10000,95,0.367753,2
rosko bytes,1,7680,7680,10000,95,22476144.000000,2
mkl bytes,1,7680,7680,10000,95,23619188.000000,2
rosko bw,0,8192,8192,10000,95,1.120978,2
mkl bw,0,8192,8192,10000,95,0.392386,2
rosko time,0,8192,8192,10000,95,0.262508,2
mkl time,0,8192,8192,10000,95,0.752622,2
rosko bytes,0,8192,8192,10000,95,25579334.000000,2
mkl bytes,0,8192,8192,10000,95,26880876.000000,2
rosko bw,1,8192,8192,10000,95,1.108944,2
mkl bw,1,8192,8192,10000,95,0.395594,2
rosko time,1,8192,8192,10000,95,0.266178,2
mkl time,1,8192,8192,10000,95,0.746519,2
rosko bytes,1,8192,8192,10000,95,25580828.000000,2
mkl bytes,1,8192,8192,10000,95,26879052.000000,2
rosko bw,0,8704,8704,10000,95,1.180367,2
mkl bw,0,8704,8704,10000,95,0.694817,2
rosko time,0,8704,8704,10000,95,0.282991,2
mkl time,0,8704,8704,10000,95,0.479833,2
rosko bytes,0,8704,8704,10000,95,28876296.000000,2
mkl bytes,0,8704,8704,10000,95,30335808.000000,2
rosko bw,1,8704,8704,10000,95,1.142207,2
mkl bw,1,8704,8704,10000,95,0.707700,2
rosko time,1,8704,8704,10000,95,0.291983,2
mkl time,1,8704,8704,10000,95,0.471285,2
rosko bytes,1,8704,8704,10000,95,28876586.000000,2
mkl bytes,1,8704,8704,10000,95,30340856.000000,2
rosko bw,0,9216,9216,10000,95,1.221468,2
mkl bw,0,9216,9216,10000,95,0.409615,2
rosko time,0,9216,9216,10000,95,0.305018,2
mkl time,0,9216,9216,10000,95,0.912525,2
rosko bytes,0,9216,9216,10000,95,32372340.000000,2
mkl bytes,0,9216,9216,10000,95,34005872.000000,2
rosko bw,1,9216,9216,10000,95,1.100354,2
mkl bw,1,9216,9216,10000,95,0.408514,2
rosko time,1,9216,9216,10000,95,0.340347,2
mkl time,1,9216,9216,10000,95,0.914957,2
rosko bytes,1,9216,9216,10000,95,32375324.000000,2
mkl bytes,1,9216,9216,10000,95,34012520.000000,2
rosko bw,0,9728,9728,10000,95,1.110606,2
mkl bw,0,9728,9728,10000,95,0.644104,2
rosko time,0,9728,9728,10000,95,0.373700,2
mkl time,0,9728,9728,10000,95,0.646568,2
rosko bytes,0,9728,9728,10000,95,36069060.000000,2
mkl bytes,0,9728,9728,10000,95,37891568.000000,2
rosko bw,1,9728,9728,10000,95,1.238773,2
mkl bw,1,9728,9728,10000,95,0.629745,2
rosko time,1,9728,9728,10000,95,0.334777,2
mkl time,1,9728,9728,10000,95,0.661465,2
rosko bytes,1,9728,9728,10000,95,36075852.000000,2
mkl bytes,1,9728,9728,10000,95,37894344.000000,2
rosko bw,0,10240,10240,10000,95,1.136227,2
mkl bw,0,10240,10240,10000,95,0.388269,2
rosko time,0,10240,10240,10000,95,0.404342,2
mkl time,0,10240,10240,10000,95,1.189146,2
rosko bytes,0,10240,10240,10000,95,39974072.000000,2
mkl bytes,0,10240,10240,10000,95,41990304.000000,2
rosko bw,1,10240,10240,10000,95,1.111669,2
mkl bw,1,10240,10240,10000,95,0.384664,2
rosko time,1,10240,10240,10000,95,0.413428,2
mkl time,1,10240,10240,10000,95,1.199600,2
rosko bytes,1,10240,10240,10000,95,39978160.000000,2
mkl bytes,1,10240,10240,10000,95,41993252.000000,2
