algo,p,sp,M,K,N,sppattern,time,n,ntrials
rosko,6,97.000000,8192,8192,8192,diagonal,0.355927,30
rosko_base,6,97.000000,8192,8192,8192,random-uniform,0.445849,30
numpy_dia,6,97.01,8192,8192,8192,diagonal,2.096108,30
rosko,6,98.000000,8192,8192,8192,diagonal,0.314156,30
rosko_base,6,98.000000,8192,8192,8192,random-uniform,0.362890,30
numpy_dia,6,98.01,8192,8192,8192,diagonal,1.443893,30
rosko,6,99.000000,8192,8192,8192,diagonal,0.224422,30
rosko_base,6,99.000000,8192,8192,8192,random-uniform,0.281729,30
numpy_dia,6,98.99,8192,8192,8192,diagonal,0.777326,30
rosko,6,99.500000,8192,8192,8192,diagonal,0.226605,30
rosko_base,6,99.500000,8192,8192,8192,random-uniform,0.268873,30
numpy_dia,6,99.5,8192,8192,8192,diagonal,0.373344,30
rosko,6,99.699997,8192,8192,8192,diagonal,0.214424,30
rosko_base,6,99.699997,8192,8192,8192,random-uniform,0.279242,30
numpy_dia,6,99.7,8192,8192,8192,diagonal,0.269963,30
rosko,6,99.900002,8192,8192,8192,diagonal,0.235312,30
rosko_base,6,99.900002,8192,8192,8192,random-uniform,0.272458,30
numpy_dia,6,99.89,8192,8192,8192,diagonal,0.166118,30
