algo,p,sp,N,rosko-time,outer-time,ntrials, measured
rosko,5,75.000000,4000,0.605300,0.605885,15,all
rosko,10,75.000000,4000,0.383265,0.383998,15,all
rosko,14,75.000000,4000,0.298961,0.299898,15,all
rosko,20,75.000000,4000,0.235256,0.236316,15,all
rosko,40,75.000000,4000,0.199725,0.200489,15,all
rosko,50,75.000000,4000,0.194821,0.195556,15,all
rosko,100,75.000000,4000,0.190878,0.191666,15,all
rosko,1000,75.000000,4000,0.404579,0.404853,15,all
rosko,5,75.000000,4000,0.614700,0.615339,15,packing
rosko,10,75.000000,4000,0.392405,0.393420,15,packing
rosko,14,75.000000,4000,0.298777,0.299732,15,packing
rosko,20,75.000000,4000,0.235805,0.237055,15,packing
rosko,40,75.000000,4000,0.200912,0.201729,15,packing
rosko,50,75.000000,4000,0.196816,0.197586,15,packing
rosko,100,75.000000,4000,0.206627,0.207428,15,packing
rosko,1000,75.000000,4000,0.420559,0.420863,15,packing
rosko,5,75.000000,4000,0.624148,0.646965,15,mm
rosko,10,75.000000,4000,0.372214,0.388956,15,mm
rosko,14,75.000000,4000,0.287675,0.304427,15,mm
rosko,20,75.000000,4000,0.243792,0.268399,15,mm
rosko,40,75.000000,4000,0.186062,0.204982,15,mm
rosko,50,75.000000,4000,0.178373,0.198455,15,mm
rosko,100,75.000000,4000,0.174422,0.199517,15,mm
rosko,1000,75.000000,4000,0.341709,0.409662,15,mm
