algo,p,sp,M,K,N,sppattern,rosko-time,outer-time,ntrials,measure
rosko,100,60.000000,8192,8192,8192,random-uniform,3.941854,4.151834,2,mm
rosko,100,60.000000,8192,8192,8192,diagonal,3.232408,3.346164,2,mm
rosko,100,60.000000,8192,8192,8192,row-pattern,3.942827,4.058183,2,mm
rosko,100,60.000000,8192,8192,8192,column-pattern,3.928490,4.053219,2,mm
rosko,125,60.000000,8192,8192,8192,random-uniform,4.031103,4.272319,2,mm
rosko,125,60.000000,8192,8192,8192,diagonal,3.002093,3.134186,2,mm
rosko,125,60.000000,8192,8192,8192,row-pattern,3.954795,4.087868,2,mm
rosko,125,60.000000,8192,8192,8192,column-pattern,4.105728,4.241184,2,mm
rosko,150,60.000000,8192,8192,8192,random-uniform,4.376357,4.662479,2,mm
rosko,150,60.000000,8192,8192,8192,diagonal,3.215597,3.403964,2,mm
rosko,150,60.000000,8192,8192,8192,row-pattern,4.130612,4.312293,2,mm
rosko,150,60.000000,8192,8192,8192,column-pattern,4.533229,4.726354,2,mm
rosko,175,60.000000,8192,8192,8192,random-uniform,4.397376,4.661955,2,mm
rosko,175,60.000000,8192,8192,8192,diagonal,3.039668,3.198803,2,mm
rosko,175,60.000000,8192,8192,8192,row-pattern,4.327861,4.504595,2,mm
rosko,175,60.000000,8192,8192,8192,column-pattern,4.705568,4.888281,2,mm
rosko,200,60.000000,8192,8192,8192,random-uniform,4.646975,4.931891,2,mm
rosko,200,60.000000,8192,8192,8192,diagonal,3.170181,3.362394,2,mm
rosko,200,60.000000,8192,8192,8192,row-pattern,4.367646,4.530843,2,mm
rosko,200,60.000000,8192,8192,8192,column-pattern,4.996506,5.187461,2,mm
rosko,300,60.000000,8192,8192,8192,random-uniform,5.904943,6.333092,2,mm
rosko,300,60.000000,8192,8192,8192,diagonal,3.243536,3.585202,2,mm
rosko,300,60.000000,8192,8192,8192,row-pattern,4.914431,5.217416,2,mm
rosko,300,60.000000,8192,8192,8192,column-pattern,6.397637,6.741962,2,mm
rosko,100,70.000000,8192,8192,8192,random-uniform,3.500333,3.693379,2,mm
rosko,100,70.000000,8192,8192,8192,diagonal,2.532753,2.634846,2,mm
rosko,100,70.000000,8192,8192,8192,row-pattern,3.528469,3.640238,2,mm
rosko,100,70.000000,8192,8192,8192,column-pattern,3.140612,3.256641,2,mm
rosko,125,70.000000,8192,8192,8192,random-uniform,3.708390,3.900279,2,mm
rosko,125,70.000000,8192,8192,8192,diagonal,2.397453,2.515152,2,mm
rosko,125,70.000000,8192,8192,8192,row-pattern,3.444005,3.563363,2,mm
rosko,125,70.000000,8192,8192,8192,column-pattern,3.425756,3.557765,2,mm
rosko,150,70.000000,8192,8192,8192,random-uniform,4.136134,4.414434,2,mm
rosko,150,70.000000,8192,8192,8192,diagonal,2.482416,2.657443,2,mm
rosko,150,70.000000,8192,8192,8192,row-pattern,3.640888,3.811405,2,mm
rosko,150,70.000000,8192,8192,8192,column-pattern,3.931233,4.113219,2,mm
rosko,175,70.000000,8192,8192,8192,random-uniform,4.187996,4.418463,2,mm
rosko,175,70.000000,8192,8192,8192,diagonal,2.481417,2.640416,2,mm
rosko,175,70.000000,8192,8192,8192,row-pattern,3.781842,3.914650,2,mm
rosko,175,70.000000,8192,8192,8192,column-pattern,3.938220,4.102637,2,mm
rosko,200,70.000000,8192,8192,8192,random-uniform,4.411017,4.649157,2,mm
rosko,200,70.000000,8192,8192,8192,diagonal,2.488369,2.664002,2,mm
rosko,200,70.000000,8192,8192,8192,row-pattern,3.935981,4.115572,2,mm
rosko,200,70.000000,8192,8192,8192,column-pattern,4.074192,4.244451,2,mm
rosko,300,70.000000,8192,8192,8192,random-uniform,5.941160,6.309206,2,mm
rosko,300,70.000000,8192,8192,8192,diagonal,2.580760,2.908644,2,mm
rosko,300,70.000000,8192,8192,8192,row-pattern,4.196952,4.475839,2,mm
rosko,300,70.000000,8192,8192,8192,column-pattern,5.631049,5.919346,2,mm
rosko,100,80.000000,8192,8192,8192,random-uniform,2.722283,2.864316,2,mm
rosko,100,80.000000,8192,8192,8192,diagonal,1.733324,1.823056,2,mm
rosko,100,80.000000,8192,8192,8192,row-pattern,2.724887,2.821192,2,mm
rosko,100,80.000000,8192,8192,8192,column-pattern,2.430069,2.529310,2,mm
rosko,125,80.000000,8192,8192,8192,random-uniform,3.080655,3.228576,2,mm
rosko,125,80.000000,8192,8192,8192,diagonal,1.808941,1.912499,2,mm
rosko,125,80.000000,8192,8192,8192,row-pattern,2.790767,2.892907,2,mm
rosko,125,80.000000,8192,8192,8192,column-pattern,2.540513,2.648491,2,mm
rosko,150,80.000000,8192,8192,8192,random-uniform,3.488375,3.674842,2,mm
rosko,150,80.000000,8192,8192,8192,diagonal,1.873917,2.041118,2,mm
rosko,150,80.000000,8192,8192,8192,row-pattern,2.966140,3.097399,2,mm
rosko,150,80.000000,8192,8192,8192,column-pattern,2.936575,3.084487,2,mm
rosko,175,80.000000,8192,8192,8192,random-uniform,3.496734,3.679847,2,mm
rosko,175,80.000000,8192,8192,8192,diagonal,1.805283,1.969473,2,mm
rosko,175,80.000000,8192,8192,8192,row-pattern,2.988978,3.111635,2,mm
rosko,175,80.000000,8192,8192,8192,column-pattern,2.898069,3.029914,2,mm
rosko,200,80.000000,8192,8192,8192,random-uniform,3.653002,3.850371,2,mm
rosko,200,80.000000,8192,8192,8192,diagonal,1.737361,1.881190,2,mm
rosko,200,80.000000,8192,8192,8192,row-pattern,3.041133,3.175856,2,mm
rosko,200,80.000000,8192,8192,8192,column-pattern,3.050801,3.191804,2,mm
rosko,300,80.000000,8192,8192,8192,random-uniform,5.321146,5.592265,2,mm
rosko,300,80.000000,8192,8192,8192,diagonal,1.869447,2.131510,2,mm
rosko,300,80.000000,8192,8192,8192,row-pattern,3.521822,3.757275,2,mm
rosko,300,80.000000,8192,8192,8192,column-pattern,4.202691,4.438139,2,mm
rosko,100,85.000000,8192,8192,8192,random-uniform,2.342436,2.458054,2,mm
rosko,100,85.000000,8192,8192,8192,diagonal,1.324972,1.408518,2,mm
rosko,100,85.000000,8192,8192,8192,row-pattern,2.296700,2.382500,2,mm
rosko,100,85.000000,8192,8192,8192,column-pattern,1.814457,1.912598,2,mm
rosko,125,85.000000,8192,8192,8192,random-uniform,2.632893,2.763470,2,mm
rosko,125,85.000000,8192,8192,8192,diagonal,1.340641,1.430854,2,mm
rosko,125,85.000000,8192,8192,8192,row-pattern,2.627843,2.721305,2,mm
rosko,125,85.000000,8192,8192,8192,column-pattern,1.982742,2.080397,2,mm
rosko,150,85.000000,8192,8192,8192,random-uniform,3.087871,3.260670,2,mm
rosko,150,85.000000,8192,8192,8192,diagonal,1.384096,1.507596,2,mm
rosko,150,85.000000,8192,8192,8192,row-pattern,2.627006,2.748911,2,mm
rosko,150,85.000000,8192,8192,8192,column-pattern,2.307942,2.431523,2,mm
rosko,175,85.000000,8192,8192,8192,random-uniform,3.057635,3.213175,2,mm
rosko,175,85.000000,8192,8192,8192,diagonal,1.391908,1.506617,2,mm
rosko,175,85.000000,8192,8192,8192,row-pattern,2.606326,2.728131,2,mm
rosko,175,85.000000,8192,8192,8192,column-pattern,2.337558,2.462350,2,mm
rosko,200,85.000000,8192,8192,8192,random-uniform,3.269882,3.443097,2,mm
rosko,200,85.000000,8192,8192,8192,diagonal,1.387445,1.519032,2,mm
rosko,200,85.000000,8192,8192,8192,row-pattern,2.734143,2.860504,2,mm
rosko,200,85.000000,8192,8192,8192,column-pattern,2.434135,2.562870,2,mm
rosko,300,85.000000,8192,8192,8192,random-uniform,4.764324,5.003983,2,mm
rosko,300,85.000000,8192,8192,8192,diagonal,1.530236,1.768876,2,mm
rosko,300,85.000000,8192,8192,8192,row-pattern,3.051530,3.254652,2,mm
rosko,300,85.000000,8192,8192,8192,column-pattern,3.389965,3.591946,2,mm
rosko,100,90.000000,8192,8192,8192,random-uniform,1.941263,2.036016,2,mm
rosko,100,90.000000,8192,8192,8192,diagonal,0.954134,1.023638,2,mm
rosko,100,90.000000,8192,8192,8192,row-pattern,1.994173,2.137764,2,mm
rosko,100,90.000000,8192,8192,8192,column-pattern,1.264765,1.349764,2,mm
rosko,125,90.000000,8192,8192,8192,random-uniform,2.169512,2.280681,2,mm
rosko,125,90.000000,8192,8192,8192,diagonal,0.967625,1.040143,2,mm
rosko,125,90.000000,8192,8192,8192,row-pattern,1.917704,2.049896,2,mm
rosko,125,90.000000,8192,8192,8192,column-pattern,1.408681,1.507576,2,mm
rosko,150,90.000000,8192,8192,8192,random-uniform,3.749020,3.905021,2,mm
rosko,150,90.000000,8192,8192,8192,diagonal,1.106565,1.198152,2,mm
rosko,150,90.000000,8192,8192,8192,row-pattern,2.128351,2.226049,2,mm
rosko,150,90.000000,8192,8192,8192,column-pattern,1.803144,1.907549,2,mm
rosko,175,90.000000,8192,8192,8192,random-uniform,2.619448,2.742583,2,mm
rosko,175,90.000000,8192,8192,8192,diagonal,0.983112,1.068926,2,mm
rosko,175,90.000000,8192,8192,8192,row-pattern,2.063245,2.154426,2,mm
rosko,175,90.000000,8192,8192,8192,column-pattern,1.628509,1.724032,2,mm
rosko,200,90.000000,8192,8192,8192,random-uniform,2.903379,3.026985,2,mm
rosko,200,90.000000,8192,8192,8192,diagonal,1.030473,1.121701,2,mm
rosko,200,90.000000,8192,8192,8192,row-pattern,2.093619,2.191944,2,mm
rosko,200,90.000000,8192,8192,8192,column-pattern,1.705326,1.815214,2,mm
rosko,300,90.000000,8192,8192,8192,random-uniform,4.070667,4.252584,2,mm
rosko,300,90.000000,8192,8192,8192,diagonal,1.133849,1.285378,2,mm
rosko,300,90.000000,8192,8192,8192,row-pattern,2.367994,2.524138,2,mm
rosko,300,90.000000,8192,8192,8192,column-pattern,2.353379,2.515090,2,mm
rosko,100,95.000000,8192,8192,8192,random-uniform,1.433134,1.513969,2,mm
rosko,100,95.000000,8192,8192,8192,diagonal,0.584155,0.645140,2,mm
rosko,100,95.000000,8192,8192,8192,row-pattern,1.223459,1.285726,2,mm
rosko,100,95.000000,8192,8192,8192,column-pattern,0.714956,0.783517,2,mm
rosko,125,95.000000,8192,8192,8192,random-uniform,1.685889,1.769055,2,mm
rosko,125,95.000000,8192,8192,8192,diagonal,0.583032,0.650893,2,mm
rosko,125,95.000000,8192,8192,8192,row-pattern,1.259922,1.333248,2,mm
rosko,125,95.000000,8192,8192,8192,column-pattern,0.757399,0.831916,2,mm
rosko,150,95.000000,8192,8192,8192,random-uniform,1.969039,2.120891,2,mm
rosko,150,95.000000,8192,8192,8192,diagonal,0.648582,0.734770,2,mm
rosko,150,95.000000,8192,8192,8192,row-pattern,1.333286,1.415393,2,mm
rosko,150,95.000000,8192,8192,8192,column-pattern,0.793337,0.883594,2,mm
rosko,175,95.000000,8192,8192,8192,random-uniform,2.445627,2.550713,2,mm
rosko,175,95.000000,8192,8192,8192,diagonal,0.655255,0.736685,2,mm
rosko,175,95.000000,8192,8192,8192,row-pattern,1.598315,1.680627,2,mm
rosko,175,95.000000,8192,8192,8192,column-pattern,1.089931,1.195620,2,mm
rosko,200,95.000000,8192,8192,8192,random-uniform,3.139524,3.258610,2,mm
rosko,200,95.000000,8192,8192,8192,diagonal,0.828832,0.925549,2,mm
rosko,200,95.000000,8192,8192,8192,row-pattern,1.623828,1.724387,2,mm
rosko,200,95.000000,8192,8192,8192,column-pattern,0.887094,0.977597,2,mm
rosko,300,95.000000,8192,8192,8192,random-uniform,2.927516,3.077718,2,mm
rosko,300,95.000000,8192,8192,8192,diagonal,0.829914,0.988204,2,mm
rosko,300,95.000000,8192,8192,8192,row-pattern,1.557034,1.700039,2,mm
rosko,300,95.000000,8192,8192,8192,column-pattern,1.083259,1.228343,2,mm
rosko,100,97.000000,8192,8192,8192,random-uniform,1.366599,1.430810,2,mm
rosko,100,97.000000,8192,8192,8192,diagonal,0.547139,0.648053,2,mm
rosko,100,97.000000,8192,8192,8192,row-pattern,0.933376,0.996197,2,mm
rosko,100,97.000000,8192,8192,8192,column-pattern,0.455764,0.516515,2,mm
rosko,125,97.000000,8192,8192,8192,random-uniform,1.374654,1.446389,2,mm
rosko,125,97.000000,8192,8192,8192,diagonal,0.476425,0.541294,2,mm
rosko,125,97.000000,8192,8192,8192,row-pattern,0.950693,1.014520,2,mm
rosko,125,97.000000,8192,8192,8192,column-pattern,0.472527,0.566171,2,mm
rosko,150,97.000000,8192,8192,8192,random-uniform,1.776573,1.870184,2,mm
rosko,150,97.000000,8192,8192,8192,diagonal,0.515101,0.587696,2,mm
rosko,150,97.000000,8192,8192,8192,row-pattern,1.053973,1.133061,2,mm
rosko,150,97.000000,8192,8192,8192,column-pattern,0.649203,0.757858,2,mm
rosko,175,97.000000,8192,8192,8192,random-uniform,1.648716,1.730239,2,mm
rosko,175,97.000000,8192,8192,8192,diagonal,0.482272,0.550457,2,mm
rosko,175,97.000000,8192,8192,8192,row-pattern,1.042795,1.127115,2,mm
rosko,175,97.000000,8192,8192,8192,column-pattern,0.481694,0.551260,2,mm
rosko,200,97.000000,8192,8192,8192,random-uniform,1.672465,1.757448,2,mm
rosko,200,97.000000,8192,8192,8192,diagonal,0.518308,0.594711,2,mm
rosko,200,97.000000,8192,8192,8192,row-pattern,1.020591,1.098578,2,mm
rosko,200,97.000000,8192,8192,8192,column-pattern,0.487661,0.570082,2,mm
rosko,300,97.000000,8192,8192,8192,random-uniform,1.959116,2.088817,2,mm
rosko,300,97.000000,8192,8192,8192,diagonal,0.674090,0.797499,2,mm
rosko,300,97.000000,8192,8192,8192,row-pattern,1.179327,1.293228,2,mm
rosko,300,97.000000,8192,8192,8192,column-pattern,0.747536,0.857863,2,mm
rosko,100,98.000000,8192,8192,8192,random-uniform,1.008958,1.067939,2,mm
rosko,100,98.000000,8192,8192,8192,diagonal,0.364297,0.417005,2,mm
rosko,100,98.000000,8192,8192,8192,row-pattern,0.709135,0.760733,2,mm
rosko,100,98.000000,8192,8192,8192,column-pattern,0.366452,0.422327,2,mm
rosko,125,98.000000,8192,8192,8192,random-uniform,1.109569,1.174120,2,mm
rosko,125,98.000000,8192,8192,8192,diagonal,0.378175,0.432402,2,mm
rosko,125,98.000000,8192,8192,8192,row-pattern,0.722923,0.779408,2,mm
rosko,125,98.000000,8192,8192,8192,column-pattern,0.472535,0.540397,2,mm
rosko,150,98.000000,8192,8192,8192,random-uniform,1.485545,1.561909,2,mm
rosko,150,98.000000,8192,8192,8192,diagonal,0.448689,0.513313,2,mm
rosko,150,98.000000,8192,8192,8192,row-pattern,0.834997,0.946413,2,mm
rosko,150,98.000000,8192,8192,8192,column-pattern,0.514095,0.594735,2,mm
rosko,175,98.000000,8192,8192,8192,random-uniform,1.324421,1.390176,2,mm
rosko,175,98.000000,8192,8192,8192,diagonal,0.395157,0.455118,2,mm
rosko,175,98.000000,8192,8192,8192,row-pattern,0.779185,0.844230,2,mm
rosko,175,98.000000,8192,8192,8192,column-pattern,0.438352,0.506051,2,mm
rosko,200,98.000000,8192,8192,8192,random-uniform,1.328759,1.400188,2,mm
rosko,200,98.000000,8192,8192,8192,diagonal,0.454213,0.520599,2,mm
rosko,200,98.000000,8192,8192,8192,row-pattern,0.788627,0.901120,2,mm
rosko,200,98.000000,8192,8192,8192,column-pattern,0.469336,0.541267,2,mm
rosko,300,98.000000,8192,8192,8192,random-uniform,1.545938,1.645609,2,mm
rosko,300,98.000000,8192,8192,8192,diagonal,0.671590,0.783623,2,mm
rosko,300,98.000000,8192,8192,8192,row-pattern,1.095302,1.192194,2,mm
rosko,300,98.000000,8192,8192,8192,column-pattern,0.626255,0.718882,2,mm
rosko,100,99.000000,8192,8192,8192,random-uniform,0.743977,0.802973,2,mm
rosko,100,99.000000,8192,8192,8192,diagonal,0.321431,0.380347,2,mm
rosko,100,99.000000,8192,8192,8192,row-pattern,0.548772,0.604521,2,mm
rosko,100,99.000000,8192,8192,8192,column-pattern,0.289062,0.345761,2,mm
rosko,125,99.000000,8192,8192,8192,random-uniform,0.761222,0.817574,2,mm
rosko,125,99.000000,8192,8192,8192,diagonal,0.318537,0.380643,2,mm
rosko,125,99.000000,8192,8192,8192,row-pattern,0.529360,0.594039,2,mm
rosko,125,99.000000,8192,8192,8192,column-pattern,0.349321,0.405729,2,mm
rosko,150,99.000000,8192,8192,8192,random-uniform,0.955659,1.093285,2,mm
rosko,150,99.000000,8192,8192,8192,diagonal,0.401806,0.483983,2,mm
rosko,150,99.000000,8192,8192,8192,row-pattern,0.643972,0.712648,2,mm
rosko,150,99.000000,8192,8192,8192,column-pattern,0.436404,0.511669,2,mm
rosko,175,99.000000,8192,8192,8192,random-uniform,0.916868,0.984541,2,mm
rosko,175,99.000000,8192,8192,8192,diagonal,0.368920,0.433861,2,mm
rosko,175,99.000000,8192,8192,8192,row-pattern,0.551737,0.616652,2,mm
rosko,175,99.000000,8192,8192,8192,column-pattern,0.323946,0.400120,2,mm
rosko,200,99.000000,8192,8192,8192,random-uniform,0.875297,0.992494,2,mm
rosko,200,99.000000,8192,8192,8192,diagonal,0.350460,0.423160,2,mm
rosko,200,99.000000,8192,8192,8192,row-pattern,0.579530,0.643575,2,mm
rosko,200,99.000000,8192,8192,8192,column-pattern,0.380121,0.450724,2,mm
rosko,300,99.000000,8192,8192,8192,random-uniform,1.043323,1.147214,2,mm
rosko,300,99.000000,8192,8192,8192,diagonal,0.562111,0.679737,2,mm
rosko,300,99.000000,8192,8192,8192,row-pattern,0.811923,0.913698,2,mm
rosko,300,99.000000,8192,8192,8192,column-pattern,0.567445,0.666017,2,mm
rosko,100,99.900002,8192,8192,8192,random-uniform,0.389771,0.435002,2,mm
rosko,100,99.900002,8192,8192,8192,diagonal,0.298749,0.354275,2,mm
rosko,100,99.900002,8192,8192,8192,row-pattern,0.344495,0.397654,2,mm
rosko,100,99.900002,8192,8192,8192,column-pattern,0.360453,0.421343,2,mm
rosko,125,99.900002,8192,8192,8192,random-uniform,0.402771,0.449782,2,mm
rosko,125,99.900002,8192,8192,8192,diagonal,0.327098,0.374446,2,mm
rosko,125,99.900002,8192,8192,8192,row-pattern,0.354163,0.393586,2,mm
rosko,125,99.900002,8192,8192,8192,column-pattern,0.305397,0.354563,2,mm
rosko,150,99.900002,8192,8192,8192,random-uniform,0.411970,0.472405,2,mm
rosko,150,99.900002,8192,8192,8192,diagonal,0.367851,0.420229,2,mm
rosko,150,99.900002,8192,8192,8192,row-pattern,0.429302,0.468579,2,mm
rosko,150,99.900002,8192,8192,8192,column-pattern,0.412514,0.466031,2,mm
rosko,175,99.900002,8192,8192,8192,random-uniform,0.400001,0.447769,2,mm
rosko,175,99.900002,8192,8192,8192,diagonal,0.374603,0.423460,2,mm
rosko,175,99.900002,8192,8192,8192,row-pattern,0.404707,0.440314,2,mm
rosko,175,99.900002,8192,8192,8192,column-pattern,0.344167,0.398424,2,mm
rosko,200,99.900002,8192,8192,8192,random-uniform,0.427268,0.475423,2,mm
rosko,200,99.900002,8192,8192,8192,diagonal,0.414213,0.478053,2,mm
rosko,200,99.900002,8192,8192,8192,row-pattern,0.414144,0.457034,2,mm
rosko,200,99.900002,8192,8192,8192,column-pattern,0.379130,0.428652,2,mm
rosko,300,99.900002,8192,8192,8192,random-uniform,0.558030,0.618221,2,mm
rosko,300,99.900002,8192,8192,8192,diagonal,0.476787,0.535758,2,mm
rosko,300,99.900002,8192,8192,8192,row-pattern,0.550379,0.625536,2,mm
rosko,300,99.900002,8192,8192,8192,column-pattern,0.533314,0.596895,2,mm
