algo,p,sp,M,K,N,time,ntrials
rosko,10,60.000000,1024,1024,1024,0.009948,10
naive,1,60.000000,1024,1024,1024,2.156324,10
rosko,10,70.000000,1024,1024,1024,0.008244,10
naive,1,70.000000,1024,1024,1024,2.175402,10
rosko,10,80.000000,1024,1024,1024,0.006523,10
naive,1,80.000000,1024,1024,1024,2.169307,10
rosko,10,90.000000,1024,1024,1024,0.003447,10
naive,1,90.000000,1024,1024,1024,2.227747,10
rosko,10,95.000000,1024,1024,1024,0.002526,10
naive,1,95.000000,1024,1024,1024,2.218394,10
rosko,10,98.000000,1024,1024,1024,0.002102,10
naive,1,98.000000,1024,1024,1024,2.163425,10
rosko,10,99.000000,1024,1024,1024,0.001912,10
naive,1,99.000000,1024,1024,1024,2.157809,10
