algo,p,sp,M,K,N,sppattern,time,n,ntrials
rosko,4,60.000000,6144,6144,6144,diagonal,2.368814,30
rosko_base,4,60.000000,6144,6144,6144,random-uniform,4.083226,30
numpy_dia,4,60.0,6144,6144,6144,diagonal,31.991135,30
rosko,4,70.000000,6144,6144,6144,diagonal,1.847121,30
rosko_base,4,70.000000,6144,6144,6144,random-uniform,3.428114,30
numpy_dia,4,69.99,6144,6144,6144,diagonal,22.108246,30
rosko,4,80.000000,6144,6144,6144,diagonal,1.283980,30
rosko_base,4,80.000000,6144,6144,6144,random-uniform,2.288314,30
numpy_dia,4,80.0,6144,6144,6144,diagonal,13.820124,30
rosko,4,90.000000,6144,6144,6144,diagonal,0.705675,30
rosko_base,4,90.000000,6144,6144,6144,random-uniform,1.064139,30
numpy_dia,4,89.99,6144,6144,6144,diagonal,6.063243,30
rosko,4,95.000000,6144,6144,6144,diagonal,0.410632,30
rosko_base,4,95.000000,6144,6144,6144,random-uniform,0.625654,30
numpy_dia,4,95.0,6144,6144,6144,diagonal,2.277315,30
rosko,4,98.000000,6144,6144,6144,diagonal,0.222432,30
rosko_base,4,98.000000,6144,6144,6144,random-uniform,0.365697,30
numpy_dia,4,97.99,6144,6144,6144,diagonal,0.893728,30
rosko,4,99.000000,6144,6144,6144,diagonal,0.176823,30
rosko_base,4,99.000000,6144,6144,6144,random-uniform,0.279826,30
numpy_dia,4,99.01,6144,6144,6144,diagonal,0.486052,30
rosko,4,99.500000,6144,6144,6144,diagonal,0.124230,30
rosko_base,4,99.500000,6144,6144,6144,random-uniform,0.214929,30
numpy_dia,4,99.5,6144,6144,6144,diagonal,0.292143,30
rosko,4,99.699997,6144,6144,6144,diagonal,0.110801,30
rosko_base,4,99.699997,6144,6144,6144,random-uniform,0.202368,30
numpy_dia,4,99.69,6144,6144,6144,diagonal,0.213572,30
rosko,4,99.900002,6144,6144,6144,diagonal,0.111335,30
rosko_base,4,99.900002,6144,6144,6144,random-uniform,0.180731,30
numpy_dia,4,99.89,6144,6144,6144,diagonal,0.134648,30
