algo,p,sp,N,rosko-time,outer-time,ntrials, measured
rosko,1,80.000000,4000,3.246545,3.246888,15,all
rosko,2,80.000000,4000,1.597477,1.598281,15,all
rosko,3,80.000000,4000,1.065611,1.066284,15,all
rosko,4,80.000000,4000,0.798753,0.799514,15,all
rosko,5,80.000000,4000,0.644167,0.644958,15,all
rosko,6,80.000000,4000,0.552770,0.553698,15,all
rosko,10,80.000000,4000,0.537484,0.538261,15,all
rosko,14,80.000000,4000,0.483251,0.484037,15,all
rosko,20,80.000000,4000,0.442909,0.443747,15,all
rosko,40,80.000000,4000,0.310562,0.311354,15,all
rosko,50,80.000000,4000,0.315029,0.315850,15,all
rosko,75,80.000000,4000,0.334682,0.335439,15,all
rosko,100,80.000000,4000,0.358760,0.359606,15,all
rosko,125,80.000000,4000,0.393869,0.394615,15,all
rosko,150,80.000000,4000,0.497896,0.498607,15,all
rosko,175,80.000000,4000,0.461145,0.461830,15,all
rosko,200,80.000000,4000,0.447963,0.448855,15,all
rosko,225,80.000000,4000,0.427944,0.428583,15,all
rosko,250,80.000000,4000,0.496312,0.496980,15,all
rosko,275,80.000000,4000,0.624031,0.624734,15,all
rosko,300,80.000000,4000,0.719946,0.720652,15,all
rosko,350,80.000000,4000,0.721672,0.722381,15,all
rosko,1000,80.000000,4000,0.718799,0.719115,15,all
rosko,10000,80.000000,4000,1.524282,1.524713,15,all
rosko,1,80.000000,4000,3.252676,3.253106,15,packing
rosko,2,80.000000,4000,1.601643,1.602485,15,packing
rosko,3,80.000000,4000,1.072345,1.073110,15,packing
rosko,4,80.000000,4000,0.802444,0.803156,15,packing
rosko,5,80.000000,4000,0.646822,0.647615,15,packing
rosko,6,80.000000,4000,0.554321,0.555441,15,packing
rosko,10,80.000000,4000,0.538093,0.538926,15,packing
rosko,14,80.000000,4000,0.486966,0.487787,15,packing
rosko,20,80.000000,4000,0.443370,0.444206,15,packing
rosko,40,80.000000,4000,0.311780,0.312606,15,packing
rosko,50,80.000000,4000,0.317275,0.318134,15,packing
rosko,75,80.000000,4000,0.340467,0.341318,15,packing
rosko,100,80.000000,4000,0.358100,0.358961,15,packing
rosko,125,80.000000,4000,0.386414,0.387225,15,packing
rosko,150,80.000000,4000,0.497123,0.497932,15,packing
rosko,175,80.000000,4000,0.462395,0.463195,15,packing
rosko,200,80.000000,4000,0.451195,0.452203,15,packing
rosko,225,80.000000,4000,0.443602,0.444317,15,packing
rosko,250,80.000000,4000,0.488083,0.488799,15,packing
rosko,275,80.000000,4000,0.622917,0.623680,15,packing
rosko,300,80.000000,4000,0.721831,0.722534,15,packing
rosko,350,80.000000,4000,0.714540,0.715306,15,packing
rosko,1000,80.000000,4000,0.712750,0.713079,15,packing
rosko,10000,80.000000,4000,1.662711,1.663222,15,packing
rosko,1,80.000000,4000,3.146469,3.248171,15,mm
rosko,2,80.000000,4000,1.549575,1.603055,15,mm
rosko,3,80.000000,4000,1.031880,1.068824,15,mm
rosko,4,80.000000,4000,0.771910,0.801243,15,mm
rosko,5,80.000000,4000,0.620874,0.645334,15,mm
rosko,6,80.000000,4000,0.529982,0.553681,15,mm
rosko,10,80.000000,4000,0.515656,0.540681,15,mm
rosko,14,80.000000,4000,0.462956,0.489156,15,mm
rosko,20,80.000000,4000,0.417401,0.445692,15,mm
rosko,40,80.000000,4000,0.284268,0.313520,15,mm
rosko,50,80.000000,4000,0.285427,0.315503,15,mm
rosko,75,80.000000,4000,0.304704,0.339338,15,mm
rosko,100,80.000000,4000,0.320773,0.357718,15,mm
rosko,125,80.000000,4000,0.346583,0.384935,15,mm
rosko,150,80.000000,4000,0.447622,0.498338,15,mm
rosko,175,80.000000,4000,0.421554,0.465655,15,mm
rosko,200,80.000000,4000,0.405634,0.453227,15,mm
rosko,225,80.000000,4000,0.370911,0.436041,15,mm
rosko,250,80.000000,4000,0.416396,0.480547,15,mm
rosko,275,80.000000,4000,0.555525,0.630055,15,mm
rosko,300,80.000000,4000,0.637600,0.718444,15,mm
rosko,350,80.000000,4000,0.663239,0.727384,15,mm
rosko,1000,80.000000,4000,0.671666,0.715141,15,mm
rosko,10000,80.000000,4000,1.396163,1.652656,15,mm
