algo,p,sp,M,K,N,sppattern,time,n,ntrials
rosko,4,60.000000,6144,6144,6144,row-pattern,3.069808,30
rosko_base,4,60.000000,6144,6144,6144,random-uniform,4.120170,30
numpy_dense,4,59.99,6144,6144,6144,row-pattern,0.458206,30
rosko,4,70.000000,6144,6144,6144,row-pattern,2.519715,30
rosko_base,4,70.000000,6144,6144,6144,random-uniform,3.475599,30
numpy_dense,4,70.0,6144,6144,6144,row-pattern,0.350735,30
rosko,4,80.000000,6144,6144,6144,row-pattern,1.950245,30
rosko_base,4,80.000000,6144,6144,6144,random-uniform,2.313447,30
numpy_dense,4,80.0,6144,6144,6144,row-pattern,0.240242,30
rosko,4,90.000000,6144,6144,6144,row-pattern,1.294443,30
rosko_base,4,90.000000,6144,6144,6144,random-uniform,1.087649,30
numpy_dense,4,90.01,6144,6144,6144,row-pattern,0.138175,30
rosko,4,95.000000,6144,6144,6144,row-pattern,0.829684,30
rosko_base,4,95.000000,6144,6144,6144,random-uniform,0.639015,30
numpy_dense,4,95.0,6144,6144,6144,row-pattern,0.067317,30
rosko,4,98.000000,6144,6144,6144,row-pattern,0.461072,30
rosko_base,4,98.000000,6144,6144,6144,random-uniform,0.380783,30
numpy_dense,4,98.0,6144,6144,6144,row-pattern,0.035071,30
rosko,4,99.000000,6144,6144,6144,row-pattern,0.331855,30
rosko_base,4,99.000000,6144,6144,6144,random-uniform,0.291176,30
numpy_dense,4,99.01,6144,6144,6144,row-pattern,0.0195,30
rosko,4,99.500000,6144,6144,6144,row-pattern,0.234952,30
rosko_base,4,99.500000,6144,6144,6144,random-uniform,0.238346,30
numpy_dense,4,99.5,6144,6144,6144,row-pattern,0.014279,30
rosko,4,99.699997,6144,6144,6144,row-pattern,0.199500,30
rosko_base,4,99.699997,6144,6144,6144,random-uniform,0.223784,30
numpy_dense,4,99.71,6144,6144,6144,row-pattern,0.011822,30
rosko,4,99.900002,6144,6144,6144,row-pattern,0.155351,30
rosko_base,4,99.900002,6144,6144,6144,random-uniform,0.186840,30
numpy_dense,4,99.9,6144,6144,6144,row-pattern,0.009477,30