algo,p,sp,M,K,N,sppattern,rosko-time,ntrials,L3_factor,L3_size
rosko,4,60.000000,4096,4096,4096,random-uniform,1.056889,4,0.100000,838861
rosko,4,60.000000,4096,4096,4096,random-uniform,1.273103,4,2.000000,16777216
rosko,4,60.000000,4096,4096,4096,diagonal,0.688920,4,0.100000,838861
rosko,4,60.000000,4096,4096,4096,diagonal,0.751609,4,2.000000,16777216
rosko,4,60.000000,4096,4096,4096,row-pattern,0.936694,4,0.100000,838861
rosko,4,60.000000,4096,4096,4096,row-pattern,0.905522,4,2.000000,16777216
rosko,4,60.000000,4096,4096,4096,column-pattern,0.802498,4,0.100000,838861
rosko,4,60.000000,4096,4096,4096,column-pattern,0.777782,4,2.000000,16777216
rosko,4,85.000000,4096,4096,4096,random-uniform,0.451826,4,0.100000,838861
rosko,4,85.000000,4096,4096,4096,random-uniform,0.524646,4,2.000000,16777216
rosko,4,85.000000,4096,4096,4096,diagonal,0.298546,4,0.100000,838861
rosko,4,85.000000,4096,4096,4096,diagonal,0.329553,4,2.000000,16777216
rosko,4,85.000000,4096,4096,4096,row-pattern,0.520163,4,0.100000,838861
rosko,4,85.000000,4096,4096,4096,row-pattern,0.487097,4,2.000000,16777216
rosko,4,85.000000,4096,4096,4096,column-pattern,0.317509,4,0.100000,838861
rosko,4,85.000000,4096,4096,4096,column-pattern,0.344158,4,2.000000,16777216
rosko,4,99.900002,4096,4096,4096,random-uniform,0.061669,4,0.100000,838861
rosko,4,99.900002,4096,4096,4096,random-uniform,0.085823,4,2.000000,16777216
rosko,4,99.900002,4096,4096,4096,diagonal,0.051602,4,0.100000,838861
rosko,4,99.900002,4096,4096,4096,diagonal,0.072098,4,2.000000,16777216
rosko,4,99.900002,4096,4096,4096,row-pattern,0.060027,4,0.100000,838861
rosko,4,99.900002,4096,4096,4096,row-pattern,0.082401,4,2.000000,16777216
rosko,4,99.900002,4096,4096,4096,column-pattern,0.046232,4,0.100000,838861
rosko,4,99.900002,4096,4096,4096,column-pattern,0.066826,4,2.000000,16777216
