algo,p,sp,M,K,N,sppattern,time,n,ntrials
rosko_p=4,4,60.003151,2000,2000,2000,random-uniform,0.150072,10
rosko_p=20,20,59.957726,2000,2000,2000,random-uniform,0.119456,10
rosko_p=4,4,69.996521,2000,2000,2000,random-uniform,0.126224,10
rosko_p=20,20,69.984146,2000,2000,2000,random-uniform,0.102261,10
rosko_p=4,4,79.985580,2000,2000,2000,random-uniform,0.088121,10
rosko_p=20,20,79.954079,2000,2000,2000,random-uniform,0.075507,10
rosko_p=4,4,89.998573,2000,2000,2000,random-uniform,0.045352,10
rosko_p=20,20,89.998375,2000,2000,2000,random-uniform,0.052912,10
rosko_p=4,4,94.979355,2000,2000,2000,random-uniform,0.032656,10
rosko_p=20,20,95.011627,2000,2000,2000,random-uniform,0.037490,10
rosko_p=4,4,98.009399,2000,2000,2000,random-uniform,0.023271,10
rosko_p=20,20,98.003944,2000,2000,2000,random-uniform,0.031066,10
rosko_p=4,4,98.991600,2000,2000,2000,random-uniform,0.023099,10
rosko_p=20,20,98.995224,2000,2000,2000,random-uniform,0.028778,10
rosko_p=4,4,99.498154,2000,2000,2000,random-uniform,0.023195,10
rosko_p=20,20,99.501198,2000,2000,2000,random-uniform,0.027637,10
rosko_p=4,4,99.698174,2000,2000,2000,random-uniform,0.023832,10
rosko_p=20,20,99.700676,2000,2000,2000,random-uniform,0.026610,10
rosko_p=4,4,99.899826,2000,2000,2000,random-uniform,0.023810,10
rosko_p=20,20,99.900452,2000,2000,2000,random-uniform,0.024597,10
