algo,p,sp,N,rosko-time,outer-time,ntrials, measured
rosko,1,80.000000,4000,2.983534,2.989056,10,all
rosko,2,80.000000,4000,1.438872,1.446998,10,all
rosko,3,80.000000,4000,0.911055,0.919377,10,all
rosko,4,80.000000,4000,0.705739,0.713906,10,all
rosko,5,80.000000,4000,0.828195,0.836080,10,all
rosko,10,80.000000,4000,0.634268,0.641786,10,all
rosko,14,80.000000,4000,0.599904,0.608292,10,all
rosko,20,80.000000,4000,0.595130,0.603023,10,all
rosko,40,80.000000,4000,0.659210,0.666674,10,all
rosko,50,80.000000,4000,0.702796,0.711178,10,all
rosko,75,80.000000,4000,0.724313,0.733182,10,all
rosko,100,80.000000,4000,0.837781,0.846081,10,all
rosko,125,80.000000,4000,1.026467,1.032778,10,all
rosko,150,80.000000,4000,1.052038,1.058572,10,all
rosko,175,80.000000,4000,1.087584,1.095570,10,all
rosko,200,80.000000,4000,1.106453,1.114700,10,all
rosko,225,80.000000,4000,1.145912,1.154602,10,all
rosko,1000,80.000000,4000,1.518158,1.525160,10,all
rosko,10000,80.000000,4000,2.819618,2.826408,10,all
rosko,1,80.000000,4000,2.980504,2.986046,10,packing
rosko,2,80.000000,4000,1.441937,1.450246,10,packing
rosko,3,80.000000,4000,0.911144,0.919588,10,packing
rosko,4,80.000000,4000,0.702637,0.710323,10,packing
rosko,5,80.000000,4000,0.812817,0.820481,10,packing
rosko,10,80.000000,4000,0.637876,0.646075,10,packing
rosko,14,80.000000,4000,0.593550,0.601617,10,packing
rosko,20,80.000000,4000,0.601080,0.609380,10,packing
rosko,40,80.000000,4000,0.652391,0.660759,10,packing
rosko,50,80.000000,4000,0.649444,0.657762,10,packing
rosko,75,80.000000,4000,0.702664,0.710597,10,packing
rosko,100,80.000000,4000,0.796749,0.805286,10,packing
rosko,125,80.000000,4000,1.004219,1.010640,10,packing
rosko,150,80.000000,4000,1.211430,1.218021,10,packing
rosko,175,80.000000,4000,1.107690,1.116026,10,packing
rosko,200,80.000000,4000,1.111793,1.120366,10,packing
rosko,225,80.000000,4000,1.131942,1.140359,10,packing
rosko,1000,80.000000,4000,1.576599,1.583981,10,packing
rosko,10000,80.000000,4000,2.841102,2.847978,10,packing
rosko,1,80.000000,4000,2.872655,2.987446,10,mm
rosko,2,80.000000,4000,1.375300,1.441616,10,mm
rosko,3,80.000000,4000,0.868755,0.916902,10,mm
rosko,4,80.000000,4000,0.666704,0.706978,10,mm
rosko,5,80.000000,4000,0.764036,0.822173,10,mm
rosko,10,80.000000,4000,0.602850,0.650541,10,mm
rosko,14,80.000000,4000,0.557712,0.603403,10,mm
rosko,20,80.000000,4000,0.562097,0.606621,10,mm
rosko,40,80.000000,4000,0.609413,0.656777,10,mm
rosko,50,80.000000,4000,0.637630,0.686746,10,mm
rosko,75,80.000000,4000,0.685237,0.735247,10,mm
rosko,100,80.000000,4000,0.818970,0.877427,10,mm
rosko,125,80.000000,4000,0.939520,1.008250,10,mm
rosko,150,80.000000,4000,0.964431,1.035227,10,mm
rosko,175,80.000000,4000,0.995454,1.063955,10,mm
rosko,200,80.000000,4000,0.986889,1.060261,10,mm
rosko,225,80.000000,4000,1.031321,1.100489,10,mm
rosko,1000,80.000000,4000,1.419859,1.504621,10,mm
rosko,10000,80.000000,4000,2.289904,2.840247,10,mm
