algo,p,sp,M,K,N,sppattern,time,n,ntrials
numpy_arr,6,60.0,8192,8192,8192,random-uniform,1.902079,30
rosko_p=6,6,60.000000,8192,8192,8192,random-uniform,7.666251,30
rosko_p=20,20,60.000000,8192,8192,8192,random-uniform,6.508635,30
rosko_p=50,50,60.000000,8192,8192,8192,random-uniform,4.045978,30
rosko_p=100,100,60.000000,8192,8192,8192,random-uniform,3.885195,30
rosko_p=200,200,60.000000,8192,8192,8192,random-uniform,4.572387,30
numpy_arr,6,70.0,8192,8192,8192,random-uniform,1.896318,30
rosko_p=6,6,70.000000,8192,8192,8192,random-uniform,6.509511,30
rosko_p=20,20,70.000000,8192,8192,8192,random-uniform,4.915058,30
rosko_p=50,50,70.000000,8192,8192,8192,random-uniform,3.053572,30
rosko_p=100,100,70.000000,8192,8192,8192,random-uniform,3.380577,30
rosko_p=200,200,70.000000,8192,8192,8192,random-uniform,4.362273,30
numpy_arr,6,80.0,8192,8192,8192,random-uniform,1.904519,30
rosko_p=6,6,80.000000,8192,8192,8192,random-uniform,4.497743,30
rosko_p=20,20,80.000000,8192,8192,8192,random-uniform,4.328040,30
rosko_p=50,50,80.000000,8192,8192,8192,random-uniform,2.377045,30
rosko_p=100,100,80.000000,8192,8192,8192,random-uniform,2.698626,30
rosko_p=200,200,80.000000,8192,8192,8192,random-uniform,3.664145,30
numpy_arr,6,90.0,8192,8192,8192,random-uniform,1.904247,30
rosko_p=6,6,90.000000,8192,8192,8192,random-uniform,1.681581,30
rosko_p=20,20,90.000000,8192,8192,8192,random-uniform,1.360897,30
rosko_p=50,50,90.000000,8192,8192,8192,random-uniform,1.482083,30
rosko_p=100,100,90.000000,8192,8192,8192,random-uniform,1.982649,30
rosko_p=200,200,90.000000,8192,8192,8192,random-uniform,2.783935,30
numpy_arr,6,95.0,8192,8192,8192,random-uniform,1.904399,30
rosko_p=6,6,95.000000,8192,8192,8192,random-uniform,0.639830,30
rosko_p=20,20,95.000000,8192,8192,8192,random-uniform,0.819403,30
rosko_p=50,50,95.000000,8192,8192,8192,random-uniform,1.172584,30
rosko_p=100,100,95.000000,8192,8192,8192,random-uniform,1.808049,30
rosko_p=200,200,95.000000,8192,8192,8192,random-uniform,2.580574,30
numpy_arr,6,98.0,8192,8192,8192,random-uniform,2.541894,30
rosko_p=6,6,98.000000,8192,8192,8192,random-uniform,0.548163,30
rosko_p=20,20,98.000000,8192,8192,8192,random-uniform,0.571451,30
rosko_p=50,50,98.000000,8192,8192,8192,random-uniform,0.792996,30
rosko_p=100,100,98.000000,8192,8192,8192,random-uniform,1.044564,30
rosko_p=200,200,98.000000,8192,8192,8192,random-uniform,1.386111,30
numpy_arr,6,99.0,8192,8192,8192,random-uniform,2.352185,30
rosko_p=6,6,99.000000,8192,8192,8192,random-uniform,0.476519,30
rosko_p=20,20,99.000000,8192,8192,8192,random-uniform,0.575408,30
rosko_p=50,50,99.000000,8192,8192,8192,random-uniform,0.756462,30
rosko_p=100,100,99.000000,8192,8192,8192,random-uniform,0.918470,30
rosko_p=200,200,99.000000,8192,8192,8192,random-uniform,0.901325,30
numpy_arr,6,99.5,8192,8192,8192,random-uniform,2.472256,30
rosko_p=6,6,99.500000,8192,8192,8192,random-uniform,0.450018,30
rosko_p=20,20,99.500000,8192,8192,8192,random-uniform,0.478487,30
rosko_p=50,50,99.500000,8192,8192,8192,random-uniform,0.546593,30
rosko_p=100,100,99.500000,8192,8192,8192,random-uniform,0.580186,30
rosko_p=200,200,99.500000,8192,8192,8192,random-uniform,0.592155,30
numpy_arr,6,99.7,8192,8192,8192,random-uniform,1.917491,30
rosko_p=6,6,99.699997,8192,8192,8192,random-uniform,0.320442,30
rosko_p=20,20,99.699997,8192,8192,8192,random-uniform,0.397524,30
rosko_p=50,50,99.699997,8192,8192,8192,random-uniform,0.429838,30
rosko_p=100,100,99.699997,8192,8192,8192,random-uniform,0.433719,30
rosko_p=200,200,99.699997,8192,8192,8192,random-uniform,0.487209,30
numpy_arr,6,99.9,8192,8192,8192,random-uniform,1.893929,30
rosko_p=6,6,99.900002,8192,8192,8192,random-uniform,0.310079,30
rosko_p=20,20,99.900002,8192,8192,8192,random-uniform,0.321547,30
rosko_p=50,50,99.900002,8192,8192,8192,random-uniform,0.328652,30
rosko_p=100,100,99.900002,8192,8192,8192,random-uniform,0.341835,30
rosko_p=200,200,99.900002,8192,8192,8192,random-uniform,0.397400,30
